15;11;2024;09;00;0;99999
0;0;0;20.60;76.00;80;1
1;1;2;20.60;75.00;79;2
4;5;9;20.60;75.00;79;3
4;5;9;21.00;74.00;81;4
4;5;8;21.00;74.00;81;5
4;5;10;21.00;74.00;81;6
5;6;7;21.00;74.00;81;7
5;6;8;21.00;74.00;81;8
3;3;3;21.00;74.00;80;9
4;4;6;21.00;74.00;80;10
4;4;6;21.40;74.00;81;11
1;3;6;21.40;73.00;81;12
4;4;6;21.40;73.00;81;13
4;4;5;21.40;73.00;80;14
4;4;6;21.40;73.00;81;15
2;3;8;21.40;73.00;81;16
2;3;6;21.40;73.00;81;17
1;3;4;0;0;82;18
28;1;3;21.80;73.00;83;19
4;4;7;21.80;73.00;81;20
7168;512;512;21.80;73.00;82;21
28;2;2;21.80;73.00;84;22
1;2;4;21.80;73.00;84;23
7168;768;768;21.80;73.00;84;24
28;2;2;21.80;73.00;84;25
2;2;4;21.90;73.00;84;26
7168;512;768;22.20;73.00;85;27
28;2;2;22.20;73.00;83;28
3;3;5;22.20;73.00;82;29
7168;512;512;22.20;73.00;81;30
28;2;2;22.20;72.00;78;31
2;2;5;22.20;72.00;78;32
7168;256;256;22.20;71.00;80;33
28;2;2;22.20;71.00;78;34
2;2;3;22.20;71.00;78;35
7168;768;768;22.20;71.00;81;36
28;3;4;22.20;71.00;82;37
4;4;7;22.30;71.00;82;38
7168;768;768;22.60;71.00;79;39
28;2;2;22.60;71.00;79;40
2;2;5;22.60;71.00;81;41
7168;512;768;22.60;71.00;79;42
28;4;4;22.60;71.00;79;43
4;4;6;22.60;71.00;81;44
7168;512;768;22.60;71.00;80;45
28;1;3;22.60;71.00;80;46
3;3;3;22.60;71.00;79;47
7168;512;512;22.60;71.00;80;48
28;2;2;22.60;71.00;82;49
2;2;4;22.60;71.00;82;50
7168;768;768;22.60;72.00;81;51
28;2;2;22.60;71.00;80;52
2;2;3;22.60;71.00;81;53
7168;512;512;22.60;71.00;82;54
28;2;2;22.60;71.00;83;55
2;2;2;22.60;72.00;83;56
7168;512;512;22.60;72.00;84;57
28;4;4;23.00;72.00;84;58
3;4;6;23.00;72.00;83;59
7168;512;512;23.00;72.00;82;60
28;3;3;23.00;72.00;84;61
3;3;4;23.00;72.00;84;62
7168;512;512;23.00;72.00;85;63
28;2;2;23.00;72.00;87;64
2;2;5;23.00;73.00;87;65
7168;1024;1024;23.00;73.00;87;66
28;3;4;23.00;73.00;88;67
3;3;5;23.00;73.00;87;68
7168;768;768;0;0;88;69
28;2;66;23.00;73.00;86;70
1;3;5;23.00;73.00;87;71
7168;1024;1024;23.00;73.00;87;72
3;4;66;23.00;73.00;84;73
3;3;6;23.00;73.00;85;74
7168;512;768;23.00;73.00;88;75
3;3;66;23.00;73.00;88;76
3;3;3;23.10;74.00;90;77
7168;1280;1280;23.40;74.00;89;78
5;5;66;23.40;75.00;88;79
3;4;5;23.40;76.00;89;80
7168;512;768;23.40;76.00;88;81
2;3;66;23.40;76.00;89;82
4;5;8;23.40;76.00;87;83
7168;768;768;23.40;76.00;88;84
1;3;66;23.40;77.00;88;85
3;3;5;23.40;77.00;86;86
7168;1024;1024;23.40;77.00;86;87
3;4;66;23.40;77.00;87;88
5;5;7;0;0;87;89
7168;1792;2304;23.40;77.00;88;90
6;8;13;23.40;77.00;88;91
9;9;15;23.40;77.00;89;92
8;8;11;23.40;78.00;90;93
9;11;13;23.40;79.00;91;94
11;11;12;23.60;79.00;91;95
11;13;22;23.80;79.00;91;96
13;14;21;23.80;80.00;91;97
14;14;21;23.80;80.00;91;98
11;13;18;23.80;80.00;90;99
12;13;17;23.80;80.00;90;100
13;13;18;23.80;80.00;90;101
11;12;18;0;0;90;102
66;19712;7168;23.80;80.00;90;103
11;11;15;23.80;80.00;90;104
8;9;18;23.80;80.00;89;105
66;19712;7168;23.80;80.00;90;106
9;9;13;0;0;89;107
6;8;14;23.80;79.00;89;108
7;7;11;23.80;79.00;90;109
5;7;13;23.80;79.00;89;110
10;10;15;23.80;79.00;91;111
7;9;17;0;0;91;112
7;9;17;23.80;78.00;92;113
66;19712;7168;23.80;78.00;90;114
8;9;16;23.80;78.00;91;115
9;9;15;23.80;78.00;92;116
66;19712;7168;23.80;78.00;90;117
7;8;14;23.80;78.00;88;118
5;6;10;23.80;78.00;92;119
7168;1280;1792;23.80;79.00;91;120
5;7;11;23.80;79.00;92;121
7;7;12;23.80;79.00;89;122
7168;1536;1536;23.80;79.00;90;123
4;6;10;23.80;79.00;91;124
5;7;11;23.80;79.00;91;125
7168;1792;2048;23.80;79.00;93;126
8;8;15;23.80;80.00;93;127
10;10;16;23.80;81.00;93;128
7168;2048;2048;23.80;81.00;94;129
8;8;18;23.80;81.00;93;130
6;6;10;23.80;81.00;93;131
7168;1792;2048;23.80;81.00;92;132
6;7;13;0;0;93;133
5;6;12;23.80;81.00;93;134
6;6;10;23.80;81.00;93;135
5;6;11;23.80;81.00;93;136
7168;1792;1792;23.80;81.00;92;137
7;9;13;23.80;81.00;94;138
7;9;13;23.80;81.00;93;139
7168;2304;2304;23.80;81.00;94;140
18;20;35;23.80;81.00;95;141
18;20;34;23.80;81.00;95;142
7168;9984;10496;23.80;81.00;96;143
32;38;63;23.80;81.00;96;144
32;38;62;23.80;81.00;96;145
7168;6400;7424;23.80;81.00;96;146
24;27;45;23.80;81.00;95;147
27;27;47;23.80;81.00;94;148
7168;4352;5120;23.80;80.00;94;149
17;22;38;23.90;80.00;93;150
16;22;38;24.10;80.00;92;151
7168;4864;5120;24.10;79.00;93;152
18;20;32;24.10;79.00;95;153
20;20;32;24.10;79.00;96;154
7168;4352;4608;24.10;79.00;96;155
17;19;34;24.10;78.00;97;156
16;19;32;24.10;78.00;94;157
7168;4096;4096;24.10;78.00;96;158
18;20;39;24.10;78.00;93;159
20;20;40;0;0;93;160
7168;3328;4096;24.10;78.00;92;161
16;17;32;24.10;77.00;94;162
17;17;30;0;0;94;163
7168;3840;4864;24.10;77.00;95;164
17;20;35;24.10;77.00;91;165
17;20;35;24.10;77.00;94;166
7168;3584;4608;24.10;77.00;92;167
13;16;28;24.10;77.00;93;168
13;16;28;24.10;77.00;94;169
7168;4096;4096;24.10;77.00;93;170
13;16;30;24.10;77.00;93;171
13;16;29;24.10;77.00;94;172
7168;3584;4352;24.10;77.00;94;173
16;16;24;24.10;77.00;95;174
15;16;23;24.10;77.00;93;175
7168;2560;3584;24.10;77.00;95;176
17;17;29;24.10;77.00;93;177
17;17;27;24.10;77.00;96;178
7168;3840;4352;24.10;77.00;95;179
16;16;26;24.10;77.00;94;180
16;16;26;24.10;77.00;94;181
7168;3328;4096;24.10;77.00;94;182
12;14;22;24.10;77.00;95;183
12;14;23;24.10;77.00;94;184
7168;3072;4096;24.10;77.00;94;185
14;14;21;24.10;77.00;95;186
14;14;21;24.10;77.00;94;187
7168;2816;3328;24.10;77.00;94;188
10;11;24;24.10;77.00;94;189
10;11;23;24.10;76.00;95;190
7168;2816;3328;24.10;76.00;95;191
10;13;25;0;0;93;192
11;13;24;24.10;76.00;93;193
9;11;19;24.10;76.00;92;194
8;8;14;24.10;76.00;93;195
8;8;13;24.10;75.00;94;196
7;9;13;24.10;75.00;94;197
8;8;14;24.10;75.00;93;198
8;8;15;24.10;75.00;93;199
8;9;14;24.10;75.00;95;200
8;10;17;24.10;75.00;96;201
8;10;16;24.10;75.00;94;202
9;11;17;24.10;75.00;95;203
8;9;14;24.10;75.00;96;204
8;9;14;24.10;75.00;96;205
8;11;17;24.10;75.00;94;206
9;9;16;24.10;75.00;94;207
9;9;15;24.10;75.00;94;208
7;9;14;24.10;75.00;95;209
8;10;18;24.10;74.00;95;210
8;10;19;24.10;75.00;95;211
7;9;19;24.10;75.00;96;212
6;8;14;24.10;75.00;94;213
7;9;16;24.10;75.00;95;214
7;7;14;24.10;75.00;94;215
7;7;12;24.10;74.00;94;216
7;7;12;24.10;74.00;95;217
6;7;13;24.10;74.00;94;218
7;8;13;24.10;74.00;94;219
7;8;13;24.10;74.00;95;220
8;8;11;0;0;94;221
8;8;12;24.10;74.00;93;222
19712;7168;1792;24.10;73.00;95;223
7;7;15;24.10;73.00;96;224
5;6;11;24.10;74.00;97;225
19712;7168;2048;24.10;74.00;100;226
7;8;16;24.10;74.00;102;227
7;8;14;24.10;74.00;103;228
19712;7168;1280;24.10;74.00;103;229
6;6;11;24.10;74.00;103;230
6;8;13;24.10;74.00;102;231
19712;7168;1536;24.10;74.00;100;232
6;6;9;24.10;74.00;100;233
5;6;12;24.10;74.00;100;234
19712;7168;1280;24.10;74.00;99;235
7;7;12;24.10;74.00;99;236
4;5;7;24.10;74.00;100;237
19712;7168;1280;24.10;75.00;99;238
7;7;11;24.10;75.00;98;239
5;6;11;24.10;75.00;99;240
19712;7168;1280;24.10;74.00;99;241
4;6;10;24.10;74.00;98;242
6;6;8;24.10;74.00;99;243
19712;7168;1024;24.10;74.00;99;244
4;5;9;24.10;74.00;98;245
3;5;6;24.10;74.00;98;246
19712;7168;1536;24.10;74.00;99;247
6;6;11;24.10;74.00;98;248
5;6;11;24.10;73.00;98;249
19712;7168;1280;24.10;73.00;99;250
5;5;10;24.10;73.00;99;251
2;4;6;24.10;73.00;99;252
19712;7168;1536;24.10;73.00;99;253
5;6;11;24.10;73.00;99;254
6;6;11;24.10;73.00;100;255
19712;7168;1280;24.10;73.00;98;256
4;4;8;24.10;73.00;98;257
5;5;10;24.10;73.00;98;258
19712;7168;1024;24.10;73.00;98;259
2;4;6;24.10;73.00;98;260
4;5;9;24.10;73.00;97;261
16973;28;4;24.10;73.00;98;262
4;4;6;24.10;73.00;96;263
5;6;10;24.10;73.00;98;264
16973;28;3;24.10;73.00;97;265
3;3;5;24.10;73.00;97;266
4;5;11;24.10;73.00;96;267
16973;28;1;24.10;73.00;98;268
4;4;7;24.10;73.00;99;269
3;3;7;24.10;73.00;98;270
16973;28;2;24.10;73.00;99;271
2;2;2;0;0;99;272
3;4;5;24.10;73.00;99;273
3;4;7;24.10;73.00;99;274
4;4;7;24.10;73.00;99;275
16973;28;1;24.10;73.00;99;276
3;3;4;24.10;73.00;98;277
2;4;5;24.10;73.00;99;278
16973;28;3;24.10;73.00;99;279
3;3;8;24.10;73.00;99;280
4;4;6;24.10;73.00;99;281
16973;28;4;24.10;73.00;97;282
4;4;5;24.10;73.00;98;283
2;2;3;24.10;73.00;99;284
16973;28;1;24.10;73.00;98;285
2;4;5;24.10;73.00;98;286
14;11;2024;10;00;0;99999
0;0;0;18.2;77;74;1
1;3;7;18.6;78;74;2
17;17;30;18.6;77;74;3
15;17;30;18.6;76;75;4
17;17;29;19;75;75;5
13;15;24;19;75;75;6
16;16;26;19;74;75;7
15;16;28;19;74;76;8
13;14;22;19;74;76;9
12;14;23;19;74;76;10
12;14;24;19.4;74;76;11
15;15;26;19.4;74;76;12
14;15;25;19.4;74;76;13
13;15;24;19.4;74;77;14
13;15;23;19.4;74;76;15
15;15;23;19.4;74;75;16
15;15;25;19.4;74;75;17
11;12;20;19.4;73;75;18
11;13;20;19.4;73;75;19
9;13;22;19.4;73;75;20
9;10;19;19.4;73;76;21
10;12;19;19.8;73;77;22
11;12;19;19.8;74;77;23
11;13;19;19.8;74;77;24
16;16;27;19.8;74;77;25
16;16;28;19.8;74;77;26
17;18;29;19.8;74;76;27
14;16;27;19.8;73;76;28
13;16;27;19.8;73;76;29
15;17;28;19.8;74;76;30
15;18;26;19.8;74;76;31
15;18;26;19.8;73;77;32
18;18;27;20.2;74;76;33
15;17;30;20.2;73;77;34
17;17;27;19.8;74;76;35
16;18;28;19.8;74;77;36
14;17;29;19.8;75;76;37
15;17;27;19.8;74;77;38
16;16;23;20.2;74;77;39
16;16;30;19.8;75;76;40
15;16;27;19.8;73;77;41
14;16;29;19.8;74;77;42
11;13;24;19.8;75;76;43
11;13;23;20.2;74;76;44
13;15;21;20.2;74;77;45
13;15;27;20.2;74;77;46
15;15;27;20.6;74;77;47
13;13;26;20.6;73;76;48
10;11;21;20.6;72;76;49
10;11;21;20.6;72;76;50
10;10;19;20.6;72;76;51
11;11;18;21;70;76;52
11;11;17;21;70;77;53
11;13;18;21;71;77;54
8;10;19;21;71;77;55
8;10;18;21.4;70;77;56
8;10;18;21.4;70;77;57
10;10;16;21.4;69;78;58
8;10;15;21.4;69;78;59
9;11;17;21.8;69;77;60
10;12;19;21.8;69;77;61
10;11;18;21.8;70;77;62
10;11;20;22.2;69;77;63
12;12;17;22.2;69;77;64
12;12;17;22.2;69;78;65
10;12;19;22.6;69;78;66
11;12;19;22.6;69;78;67
12;12;19;22.6;67;77;68
12;12;17;22.6;67;77;69
10;12;19;23;68;77;70
10;12;18;23;67;76;71
7;9;15;22.6;74;76;72
10;12;23;23;63;77;73
12;12;25;23;63;77;74
13;14;22;23;63;77;75
13;14;21;22.6;74;78;76
11;13;21;23;64;77;77
10;11;16;23;65;77;78
10;12;18;23.4;64;77;79
8;12;19;23.4;63;77;80
11;13;18;23.4;64;78;81
11;13;24;23.4;64;77;82
8;12;19;23.4;63;77;83
10;12;22;23.4;63;77;84
14;14;21;23.4;63;77;85
8;12;19;23.4;63;78;86
13;14;19;23.4;63;77;87
15;11;2024;10;00;0;99999
0;0;0;22.6;66;72;1
1;1;3;22.6;65;69;2
12;14;19;22.6;66;69;3
12;13;17;22.6;66;69;4
12;13;18;22.6;65;69;5
11;12;21;22.6;65;69;6
13;13;18;22.6;65;70;7
12;13;17;22.6;66;70;8
13;14;24;22.6;66;70;9
10;12;19;22.6;67;70;10
12;12;19;22.6;67;69;11
11;11;17;22.6;67;71;12
12;13;18;22.6;67;71;13
12;13;18;22.6;67;72;14
8;10;14;22.6;67;72;15
8;8;11;22.6;68;73;16
6;8;11;22.6;68;72;17
9;11;16;22.6;69;73;18
11;11;21;22.6;69;73;19
9;11;22;22.6;69;73;20
10;12;21;22.6;69;74;21
8;8;14;23;68;74;22
6;8;14;23;69;74;23
12;12;16;23;69;75;24
8;10;20;23;68;75;25
8;10;20;22.6;74;75;26
8;12;19;23;68;75;27
8;9;13;23.4;68;75;28
8;9;13;23.4;68;76;29
9;11;18;23.4;68;76;30
10;12;19;23.4;68;76;31
12;12;19;23.4;67;76;32
7;8;13;23.4;67;76;33
7;9;11;23.4;67;77;34
7;9;12;23.4;67;75;35
8;10;20;23.4;67;76;36
7;9;15;23.4;67;76;37
7;9;16;23.8;66;76;38
6;8;18;22.6;74;77;39
66;12;19;23.8;67;77;40
8;8;15;23.8;67;77;41
8;10;17;23.8;67;77;42
66;12;19;23.8;67;77;43
6;8;16;23.8;67;77;44
8;9;16;23.8;67;77;45
66;12;19;23.8;66;77;46
8;11;20;23.8;66;76;47
5;7;9;23.8;66;76;48
66;12;19;23.8;65;76;49
6;8;14;23.8;65;76;50
4;6;12;24.1;65;76;51
66;12;19;24.1;64;77;52
8;8;11;24.1;65;77;53
8;8;12;24.1;65;76;54
66;12;19;24.1;65;76;55
8;9;15;24.1;65;75;56
7;8;11;24.1;64;76;57
66;12;19;24.1;64;76;58
5;7;11;24.1;65;76;59
8;8;12;24.1;64;76;60
66;12;19;24.1;65;76;61
8;8;13;24.1;65;76;62
7;7;10;24.5;65;75;63
66;12;19;24.5;64;76;64
8;8;12;24.5;64;76;65
6;6;11;22.6;74;78;66
66;12;19;24.5;63;77;67
5;6;9;24.5;63;76;68
5;5;8;24.5;63;76;69
3;5;9;24.5;62;76;70
4;6;12;24.5;62;76;71
4;5;12;24.8;62;77;72
4;5;12;24.8;63;77;73
5;7;11;24.8;63;76;74
4;5;6;24.8;62;77;75
16;11;2024;10;00;0;99999
0;0;0;18.2;77;74;1
1;3;7;18.6;78;74;2
17;17;30;18.6;77;74;3
15;17;30;18.6;76;75;4
17;17;29;19;75;75;5
13;15;24;19;75;75;6
16;16;26;19;74;75;7
15;16;28;19;74;76;8
13;14;22;19;74;76;9
12;14;23;19;74;76;10
12;14;24;19.4;74;76;11
15;15;26;19.4;74;76;12
14;15;25;19.4;74;76;13
13;15;24;19.4;74;77;14
13;15;23;19.4;74;76;15
15;15;23;19.4;74;75;16
15;15;25;19.4;74;75;17
11;12;20;19.4;73;75;18
11;13;20;19.4;73;75;19
9;13;22;19.4;73;75;20
9;10;19;19.4;73;76;21
10;12;19;19.8;73;77;22
11;12;19;19.8;74;77;23
11;13;19;19.8;74;77;24
16;16;27;19.8;74;77;25
16;16;28;19.8;74;77;26
17;18;29;19.8;74;76;27
14;16;27;19.8;73;76;28
13;16;27;19.8;73;76;29
15;17;28;19.8;74;76;30
15;18;26;19.8;74;76;31
15;18;26;19.8;73;77;32
18;18;27;20.2;74;76;33
15;17;30;20.2;73;77;34
17;17;27;19.8;74;76;35
16;18;28;19.8;74;77;36
14;17;29;19.8;75;76;37
15;17;27;19.8;74;77;38
16;16;23;20.2;74;77;39
16;16;30;19.8;75;76;40
15;16;27;19.8;73;77;41
14;16;29;19.8;74;77;42
11;13;24;19.8;75;76;43
11;13;23;20.2;74;76;44
13;15;21;20.2;74;77;45
13;15;27;20.2;74;77;46
15;15;27;20.6;74;77;47
13;13;26;20.6;73;76;48
10;11;21;20.6;72;76;49
10;11;21;20.6;72;76;50
10;10;19;20.6;72;76;51
11;11;18;21;70;76;52
11;11;17;21;70;77;53
11;13;18;21;71;77;54
8;10;19;21;71;77;55
8;10;18;21.4;70;77;56
8;10;18;21.4;70;77;57
10;10;16;21.4;69;78;58
8;10;15;21.4;69;78;59
9;11;17;21.8;69;77;60
10;12;19;21.8;69;77;61
10;11;18;21.8;70;77;62
10;11;20;22.2;69;77;63
12;12;17;22.2;69;77;64
12;12;17;22.2;69;78;65
10;12;19;22.6;69;78;66
11;12;19;22.6;69;78;67
12;12;19;22.6;67;77;68
12;12;17;22.6;67;77;69
10;12;19;23;68;77;70
10;12;18;23;67;76;71
7;9;15;22.6;74;76;72
10;12;23;23;63;77;73
12;12;25;23;63;77;74
13;14;22;23;63;77;75
13;14;21;22.6;74;78;76
11;13;21;23;64;77;77
10;11;16;23;65;77;78
10;12;18;23.4;64;77;79
8;12;19;23.4;63;77;80
11;13;18;23.4;64;78;81
11;13;24;23.4;64;77;82
8;12;19;23.4;63;77;83
10;12;22;23.4;63;77;84
14;14;21;23.4;63;77;85
8;12;19;23.4;63;78;86
13;14;19;23.4;63;77;87
0;0;0;0;0;0;99999
