14;11;2024;06;00;0;99999
8;8;13;25.3;53;81;1
8;8;12;25.3;53;81;2
4;4;5;25.3;54;80;3
7;8;11;25.3;53;82;4
8;8;11;25.8;55;80;5
4;4;5;26.2;51;80;6
7;8;12;26.7;53;81;7
8;8;13;26.7;51;81;8
4;4;5;27.1;50;81;9
8;8;11;27.1;49;83;10
6;8;11;27.6;50;82;11
4;4;5;27.6;52;78;12
3;5;7;28;48;78;13
6;6;8;27.6;51;77;14
4;4;5;27.6;51;77;15
7;7;11;27.6;51;76;16
7;7;10;27.1;51;77;17
7;7;5;26.7;52;76;18
8;8;8;26.2;51;76;19
7;7;7;26.2;53;80;20
8;8;5;26.2;58;78;21
6;8;11;26.2;52;77;22
6;8;11;25.3;53;78;23
7;7;5;24.8;54;75;24
8;8;11;24.1;53;76;25
6;8;12;24.1;54;77;26
6;8;5;24.6;54;76;27
8;8;13;24.8;54;76;28
8;8;12;25.3;54;76;29
10;10;5;25.3;53;75;30
9;9;12;25.5;52;77;31
9;9;12;25.8;51;78;32
9;11;5;25.8;53;77;33
8;10;15;25.8;55;78;34
8;10;14;24.8;55;77;35
8;10;5;24.5;56;75;36
7;9;14;24.1;56;78;37
7;9;13;23.4;59;78;38
7;8;5;23;60;78;39
9;10;19;23;61;92;40
9;10;18;23;60;93;41
11;12;5;22.6;63;94;42
0;0;0;22.6;62;90;1
1;1;2;23;61;88;2
9;10;18;23;60;89;3
8;8;16;23;61;88;4
8;8;13;23;61;89;5
9;9;15;23;61;88;6
7;7;12;23;60;87;7
6;7;13;23;59;88;8
6;8;13;23;59;88;9
7;9;13;23;59;88;10
7;9;14;23;59;88;11
9;9;14;22.6;59;88;12
8;10;16;22.6;60;89;13
8;10;16;22.2;61;88;14
7;7;9;22.2;62;89;15
6;8;12;22.2;63;89;16
6;8;13;21.8;64;89;17
5;7;10;21.4;68;88;18
7;9;14;21.4;66;88;19
7;9;14;21.4;66;88;20
9;9;13;21.4;67;88;21
10;10;14;21;68;88;22
10;10;13;21;67;89;23
7;7;13;21;69;88;24
5;6;11;20.6;70;88;25
6;6;11;20.6;70;88;26
6;6;11;20.6;70;87;27
8;8;13;21;68;88;28
7;8;14;20.6;70;88;29
7;8;15;20.8;70;89;30
7;9;14;21;69;90;31
7;9;15;21;70;89;32
10;10;16;21.4;70;89;33
8;8;17;21.4;70;89;34
6;8;16;21.1;71;90;35
7;9;12;21;70;90;36
7;9;13;21.4;70;90;37
9;9;14;21;71;89;38
9;9;14;21;71;89;39
9;9;12;21;71;89;40
9;9;11;21;71;90;41
8;10;15;21;72;90;42
7;9;13;21;72;90;43
7;9;14;21;72;90;44
8;9;13;21;72;90;45
7;8;13;21;72;89;46
7;8;14;21;72;89;47
8;10;14;21;72;89;48
6;7;11;21;72;89;49
6;7;11;21;72;89;50
6;8;12;21;71;89;51
7;7;15;21;72;89;52
5;7;14;21;72;90;53
6;8;15;21.2;72;90;54
7;8;13;21.4;72;89;55
7;8;14;21.4;72;89;56
6;8;12;21.4;72;90;57
6;8;12;21.4;72;90;58
7;8;12;21.4;73;90;59
7;9;13;21.4;73;90;60
7;9;17;21.4;73;90;61
7;9;15;21.4;73;90;62
4;4;5;21.4;73;90;63
9;9;14;21.4;73;89;64
9;9;13;21.4;73;89;65
4;4;5;21.4;73;90;66
8;8;13;21.4;73;90;67
8;8;13;21.4;73;89;68
4;4;5;21.4;73;89;69
8;8;13;21.4;73;90;70
8;8;13;15.2;92;89;71
4;28;6;21.4;73;89;72
8;8;13;21.4;73;90;73
6;8;13;21.4;73;90;74
4;4;5;21.8;73;90;75
8;9;12;21.8;73;89;76
8;9;13;21.8;72;89;77
4;4;5;21.8;72;88;78
7;7;10;21.8;72;89;79
7;7;10;21.8;72;88;80
4;4;5;21.8;71;88;81
7;8;11;21.8;71;89;82
7;8;10;21.8;71;89;83
4;4;5;21.8;71;89;84
6;6;10;21.8;71;89;85
4;6;9;21.8;71;88;86
4;4;5;21.8;71;88;87
6;8;12;21.8;71;88;88
6;8;12;21.8;71;89;89
4;4;5;21.8;71;88;90
5;7;10;21.8;71;87;91
6;8;11;21.8;70;89;92
4;4;5;21.8;71;87;93
7;7;11;21.4;69;88;94
5;7;11;21.4;69;88;95
4;4;5;21.4;70;87;96
8;8;12;21.4;69;89;97
8;8;12;21.8;70;89;98
4;4;5;21.4;69;88;99
4;6;9;21;69;87;100
5;7;10;21.4;69;87;101
4;4;5;21.4;69;87;102
7;7;12;21.8;69;88;103
7;7;12;21.8;69;88;104
4;4;5;22.2;69;88;105
8;8;12;22.2;69;88;106
6;8;13;22.2;69;88;107
4;4;5;22.2;69;89;108
7;7;9;22.6;69;88;109
5;7;9;22.6;69;88;110
4;4;5;22.6;69;88;111
5;7;10;22.6;69;89;112
6;8;11;22.6;69;88;113
4;4;5;22.6;69;89;114
5;7;9;22.3;69;89;115
8;8;10;22.2;70;89;116
4;4;5;22.2;70;89;117
5;7;11;22.2;70;89;118
5;7;10;22.2;70;88;119
4;4;5;22.2;70;89;120
6;8;12;22.2;70;88;121
6;8;11;22.2;70;89;122
4;4;5;21.8;70;88;123
8;8;11;21.8;71;88;124
6;8;12;21.8;71;88;125
4;4;5;21.8;71;88;126
8;8;12;21.4;71;88;127
8;8;12;21.4;71;87;128
4;4;5;21.4;71;88;129
7;9;13;21;72;88;130
7;9;13;21;72;88;131
4;4;5;21;72;88;132
7;7;12;21;72;88;133
7;7;12;20.6;73;87;134
4;4;5;20.6;74;88;135
7;9;13;20.6;74;87;136
7;9;14;20.6;74;88;137
4;4;5;20.2;74;88;138
8;8;12;20.2;74;88;139
8;8;13;20.2;74;88;140
4;4;5;20.2;75;88;141
7;9;13;20.2;75;88;142
7;9;13;19.8;75;87;143
4;4;5;19.8;76;87;144
6;8;13;19.8;76;87;145
6;8;14;19.8;75;87;146
4;4;5;19.8;75;87;147
8;8;10;19.8;75;87;148
8;8;10;19.8;75;87;149
4;4;5;19.8;75;87;150
6;6;9;19.8;75;87;151
4;4;5;19.8;75;87;152
8;8;10;19.8;76;87;153
7;7;8;19.8;75;87;154
4;4;5;19.7;76;87;155
4;6;7;19.8;76;87;156
3;5;7;19.8;76;87;157
4;4;5;15.2;92;86;158
6;7;10;19.4;77;87;159
5;5;7;19.4;77;87;160
4;768;5;19.4;77;87;161
3;5;5;15.2;92;87;162
5;5;7;19.4;77;87;163
7;7;10;19.4;77;87;164
4;6;5;19.4;77;87;165
4;4;5;19.4;77;86;166
4;6;10;19.4;77;86;167
5;7;5;19.4;78;87;168
4;4;5;19.4;78;87;169
4;5;6;19.4;78;87;170
5;7;5;19;78;87;171
4;512;5;19;78;87;172
3;5;8;19;78;87;173
6;7;5;19;78;87;174
4;4;5;19;78;86;175
5;5;7;19;78;86;176
6;7;5;19;79;87;177
4;4;5;19;79;87;178
7;8;13;19;79;86;179
7;7;5;19;79;86;180
4;4;5;19;79;86;181
4;4;5;19;79;92;182
6;6;5;19;82;88;183
1;3;3;18.8;81;87;184
2;4;4;18.6;80;87;185
4;4;5;18.6;80;87;186
4;4;6;18.6;80;88;187
3;4;6;18.6;80;88;188
4;4;5;18.6;81;87;189
4;4;5;18.2;82;88;190
4;4;5;17.8;82;88;191
6;7;5;17.8;82;87;192
5;5;8;17.8;84;88;193
5;5;8;17.8;84;87;194
3;4;5;17.8;84;86;195
3;3;4;17.4;84;87;196
3;3;4;17;86;87;197
2;2;5;15.2;92;88;198
1;3;5;17;87;88;199
1;3;4;17;88;87;200
3;3;5;17;89;86;201
4;4;5;16.6;88;87;202
1;3;3;16.6;88;92;203
1;3;5;17;88;90;204
2;2;5;17;88;91;205
1;3;5;15.2;92;89;206
3;3;5;17.4;88;89;207
4;256;256;17.4;87;89;208
2;2;3;17.4;87;88;209
4;4;6;17.4;87;88;210
4;4;5;17.4;87;88;211
4;4;7;17.4;87;88;212
3;3;5;17.4;86;88;213
4;768;5;15.2;92;88;214
3;4;4;17.4;86;88;215
3;3;5;17.4;86;88;216
4;256;768;17.4;86;88;217
3;3;3;17.4;86;88;218
2;2;5;17.4;86;88;219
4;512;512;17.4;86;88;220
1;2;4;17.4;86;88;221
1;3;5;15.2;92;88;222
4;256;768;17.4;86;88;223
1;3;6;17.4;86;88;224
2;4;5;17.4;86;88;225
2;2;7;17.4;86;88;226
2;2;4;17.4;86;88;227
2;4;5;17.4;86;88;228
7;7;9;17.4;86;88;229
11;13;18;17.4;86;89;230
15;15;5;17.4;86;77;231
1;2;6;17.4;86;75;1
1;2;6;17.4;86;87;2
2;2;3;17.4;85;86;3
1;1;1;17.4;85;87;4
1;1;1;17.4;85;87;5
2;3;6;17.4;85;87;6
3;3;4;17.4;86;86;7
2;3;4;17.4;86;86;8
4;4;256;17.4;86;86;9
2;2;3;17.4;86;86;10
2;2;4;17;86;86;11
4;4;512;17;86;86;12
2;2;4;17;86;86;13
2;2;4;17;86;86;14
4;4;512;17;86;86;15
2;3;5;17;86;87;16
2;3;4;17;86;90;17
4;4;5;17;86;89;18
8;8;13;17;87;88;19
8;8;13;17;87;87;20
4;4;512;17;87;87;21
2;3;4;17;87;87;22
2;3;3;17;86;86;23
4;4;768;15.2;92;86;24
4;28;2;17;86;86;25
2;2;2;17;86;86;26
4;4;768;17;86;85;27
4;28;2;17;86;86;28
2;2;3;17;85;86;29
4;4;512;17;85;86;30
4;28;3;17;85;86;31
3;3;3;17;85;86;32
4;4;768;17;85;86;33
4;28;3;17;85;85;34
3;3;4;16.6;86;86;35
4;4;512;16.6;86;86;36
4;28;1;16.6;86;85;37
1;3;5;16.6;86;86;38
4;4;256;17;86;85;39
4;28;3;16.6;86;86;40
3;3;4;16.6;86;87;41
4;4;512;16.9;86;86;42
4;28;6;16.6;86;86;43
4;6;10;16.1;87;86;44
4;4;5;16.6;87;86;45
4;28;5;16.6;87;86;46
5;7;8;16.5;88;86;47
4;4;5;16.2;88;85;48
4;28;8;16.6;88;86;49
7;8;11;16.6;88;86;50
4;4;5;16.6;88;86;51
4;28;5;16.6;87;86;52
3;5;9;16.6;88;86;53
4;4;5;16.6;88;86;54
4;28;4;16.6;88;87;55
4;5;6;16.6;88;87;56
4;4;768;16.6;88;86;57
4;28;2;16.6;88;87;58
2;4;5;16.6;89;88;59
4;4;5;16.6;89;88;60
4;28;4;15.2;92;87;61
4;4;7;16.6;89;87;62
4;5;10;16.6;89;87;63
4;28;1;16.6;89;87;64
1;3;3;16.6;88;87;65
5;6;10;16.6;88;86;66
4;28;2;15.2;92;88;67
0;0;0;16.6;89;89;1
1;1;3;16.6;88;87;2
3;3;6;16.6;89;87;3
4;4;9;16.6;89;86;4
4;4;9;16.1;89;86;5
3;5;7;16.1;90;86;6
5;6;7;16.1;90;87;7
4;6;8;16.1;90;86;8
4;4;7;16.1;89;86;9
7;7;12;16.6;89;86;10
6;7;10;16.6;89;86;11
2;4;8;16.6;89;89;12
4;5;10;16.6;89;87;13
4;5;9;16.6;89;86;14
1;3;6;16.6;89;87;15
3;3;5;16.6;89;87;16
3;3;5;16.6;89;88;17
4;4;8;16.6;89;88;18
5;5;7;16.6;89;86;19
5;5;7;16.6;90;86;20
5;5;8;16.6;90;86;21
4;4;6;16.6;90;86;22
3;3;5;16.6;90;87;23
3;3;4;16.6;90;87;24
4;4;6;16.6;89;87;25
4;4;6;16.6;89;86;26
5;5;7;16.6;89;87;27
5;6;8;16.6;89;87;28
4;6;9;16.6;89;87;29
4;5;8;16.6;89;87;30
7;9;14;16.6;89;86;31
7;9;14;16.6;89;86;32
6;8;11;16.6;89;85;33
5;5;6;16.6;89;85;34
4;5;6;16.6;89;85;35
4;4;6;16.6;89;85;36
1;3;5;16.6;89;85;37
1;3;5;16.6;89;85;38
2;2;5;16.6;88;85;39
4;4;7;16.6;88;85;40
4;4;7;16.6;88;86;41
4;5;9;16.6;88;86;42
3;5;6;16.6;89;85;43
5;5;6;16.6;89;85;44
1;3;5;16.6;89;85;45
1;3;6;16.6;89;85;46
4;4;7;16.6;89;85;47
3;5;6;16.6;89;85;48
4;4;4;16.6;89;85;49
4;4;4;16.6;89;85;50
4;4;6;16.6;89;85;51
4;4;5;16.6;89;85;52
4;4;5;16.6;89;85;53
1;3;5;16.6;89;85;54
4;4;7;16.6;89;85;55
4;4;8;16.6;89;85;56
5;5;8;16.6;89;85;57
2;4;7;16.6;89;85;58
2;4;6;16.6;89;85;59
5;5;8;16.6;89;85;60
7;7;10;16.6;89;85;61
7;7;9;16.6;89;84;62
4;6;8;16.6;89;85;63
5;6;10;16.6;89;85;64
5;6;9;16.6;89;85;65
7;7;8;16.6;89;85;66
7;7;10;16.6;89;85;67
5;7;9;16.6;89;85;68
4;4;5;16.6;89;85;69
5;5;6;16.6;89;85;70
5;5;6;16.6;89;85;71
4;4;5;16.6;89;85;72
5;5;6;16.6;89;84;73
4;5;6;16.6;89;84;74
5;5;5;16.6;89;85;75
8;8;12;16.6;89;85;76
6;8;13;16.4;89;85;77
6;6;5;16.5;89;85;78
2;4;6;16.2;89;84;79
2;4;5;16.1;89;85;80
4;5;5;16.1;89;85;81
5;5;7;16.1;89;84;82
5;5;8;16.1;89;84;83
4;5;5;16.1;90;84;84
4;6;10;16.1;90;85;85
5;6;9;16.1;90;84;86
6;6;5;15.7;92;84;87
5;5;8;15.7;92;84;88
5;5;8;15.7;92;84;89
4;4;5;15.7;92;84;90
6;6;9;15.7;92;84;91
6;6;9;16.1;91;84;92
3;5;5;16.1;91;84;93
4;5;9;16.1;91;84;94
4;4;7;16.1;91;85;95
5;6;5;16.1;91;84;96
4;4;8;16.1;90;84;97
5;5;10;16.1;90;84;98
6;7;5;16.1;90;84;99
4;4;6;16.1;90;84;100
2;4;6;16.1;90;84;101
2;4;5;16.1;90;85;102
2;4;7;16.1;90;85;103
2;4;7;16.1;90;85;104
3;5;5;16.1;90;84;105
4;4;6;16.1;90;84;106
4;5;8;16.1;90;84;107
4;4;5;16.1;90;84;108
4;768;5;16.1;90;84;109
3;4;7;16.1;90;85;110
5;66;5;16.1;90;85;111
4;4;5;16.1;90;84;112
5;5;8;16.1;90;84;113
3;66;5;16.1;90;84;114
4;4;5;16.1;90;84;115
5;5;8;16.1;90;84;116
2;66;5;16.1;90;83;117
4;4;5;16.1;90;84;118
4;4;5;16.1;90;84;119
4;66;5;16.1;90;84;120
4;4;5;16.1;90;84;121
4;4;6;16.1;90;83;122
2;66;5;16.1;90;83;123
4;4;5;16.1;90;83;124
4;4;7;16.1;90;83;125
2;66;5;16.1;90;84;126
4;4;5;16.1;90;84;127
4;5;7;16.1;90;83;128
2;66;5;16.1;90;84;129
4;512;5;16.1;90;83;130
4;4;7;16.1;90;83;131
1;66;5;16.1;90;83;132
4;4;5;16.1;90;83;133
4;5;6;15.2;92;83;134
3;66;5;16.1;90;83;135
5;5;7;16.1;90;83;136
5;5;6;16.1;90;83;137
4;4;5;16.1;90;83;138
1;3;4;16.1;90;83;139
1;3;4;16.1;90;83;140
5;5;5;16.1;90;84;141
4;4;5;16.1;90;84;142
4;4;5;16.1;90;84;143
4;4;5;16.1;90;83;144
4;4;5;16.1;90;83;145
2;4;5;16.1;90;83;146
4;5;5;16.1;90;83;147
4;4;7;16.1;90;83;148
4;4;5;15.7;91;83;149
2;4;5;15.7;92;83;150
2;4;4;15.7;92;83;151
2;4;4;15.7;92;83;152
3;3;5;15.7;91;83;153
1;3;5;15.9;91;83;154
1;3;5;16.1;90;83;155
4;4;5;16.1;90;83;156
1;3;4;16.1;90;83;157
1;3;5;16.1;90;84;158
3;4;5;16.1;90;84;159
5;5;8;16.1;90;84;160
5;5;8;16.1;90;83;161
6;6;5;16.1;90;83;162
5;5;6;16.1;90;84;163
4;4;6;16.1;90;84;164
5;6;5;16.1;90;84;165
1;3;6;16;90;83;166
1;3;5;16.1;90;83;167
3;3;5;16.1;90;83;168
4;4;5;16.1;90;84;169
3;3;4;16.1;90;84;170
3;5;5;16.1;90;83;171
2;3;4;15.8;91;83;172
2;2;3;15.9;91;83;173
4;4;5;15.7;91;83;174
1;3;3;15.7;91;83;175
1;3;3;15.7;91;83;176
3;3;5;15.7;91;83;177
2;4;4;15.7;91;83;178
2;4;4;15.7;92;84;179
2;4;5;15.7;92;84;180
4;4;4;15.7;92;83;181
2;4;4;15.7;92;83;182
2;4;5;15.7;92;83;183
3;4;6;15.7;92;83;184
2;4;7;15.7;92;83;185
3;3;5;15.7;92;83;186
2;4;4;15.7;92;83;187
2;4;4;15.2;92;83;188
4;4;5;15.7;92;83;189
2;4;7;15.7;92;83;190
2;4;8;15.7;92;83;191
2;4;5;15.7;92;84;192
2;4;6;15.7;92;83;193
2;4;6;15.7;92;83;194
2;2;5;15.7;92;83;195
2;4;6;15.7;92;83;196
2;4;6;15.7;92;84;197
7;7;5;15.7;92;84;198
6;7;10;15.7;92;84;199
6;7;10;15.7;91;84;200
5;7;5;15.2;92;84;201
5;5;66;15.7;91;84;202
5;5;8;15.7;91;83;203
6;7;5;15.7;91;84;204
5;5;66;15.7;92;84;205
5;6;9;15.2;92;83;206
4;6;5;15.2;92;83;207
6;6;66;15.2;92;83;208
5;5;8;15.2;93;83;209
5;5;5;15.2;93;83;210
2;4;66;15.2;93;83;211
5;5;9;15.2;93;83;212
4;5;5;15.2;93;83;213
4;5;66;15.2;92;83;214
4;6;10;15.2;93;83;215
28;2;4;15.2;93;82;216
3;5;66;15.2;93;82;217
5;5;7;15.5;93;83;218
28;2;4;15.5;93;83;219
2;4;66;15.7;92;83;220
5;5;7;15.2;93;82;221
28;4;4;15.2;93;82;222
4;4;66;15.2;93;82;223
4;4;5;15.2;93;83;224
28;4;5;15.2;93;83;225
3;5;66;15.2;92;82;226
5;5;6;15.2;92;82;227
28;1;3;15.2;92;83;228
2;4;66;15.2;92;82;229
2;4;6;15.2;93;82;230
28;3;5;14.8;94;83;231
3;5;66;14.8;94;82;232
5;5;8;14.8;94;82;233
28;5;5;14.8;94;83;234
3;5;66;14.8;95;83;235
5;7;11;14.8;95;82;236
28;6;6;14.8;95;83;237
6;6;66;14.8;95;82;238
5;6;10;14.8;95;82;239
28;4;5;14.8;95;82;240
4;4;66;14.8;95;82;241
5;5;6;15.2;94;83;242
0;79;292;15.2;94;83;243
4;4;5;15.2;94;82;244
6;6;9;15.2;94;82;245
5;5;7;15.2;94;82;246
4;4;5;15.2;94;82;247
4;5;6;15.2;94;82;248
4;4;6;15.2;94;82;249
4;4;5;15.2;94;82;250
3;5;6;15.2;94;82;251
5;5;8;15.2;94;82;252
4;512;5;15.2;93;82;253
2;4;9;15.2;93;82;254
4;4;5;15.2;93;82;255
4;256;768;15.2;93;82;256
4;4;6;15.2;93;82;257
4;5;7;15.2;93;82;258
4;4;5;15.2;93;82;259
4;4;8;15.2;93;82;260
3;5;7;15.2;93;82;261
4;768;768;15.2;93;83;262
1;3;4;15.2;92;83;263
2;2;5;15.2;92;82;264
4;4;5;15.2;92;82;265
4;4;6;15.2;92;83;266
1;3;4;15.2;92;82;267
2;4;5;15.2;92;83;268
2;4;5;15.2;92;82;269
3;3;4;15.2;93;82;270
4;4;4;15.2;93;82;271
4;4;4;15.2;93;82;272
3;3;5;15.2;93;81;273
3;3;6;15.2;92;82;274
3;3;6;15.2;92;82;275
5;5;7;15.2;92;81;276
2;2;3;15.2;92;82;277
2;2;3;15.2;92;82;278
4;4;4;15.2;92;82;279
3;4;6;15.2;92;82;280
3;4;5;15.2;92;82;281
4;4;5;15.2;92;82;282
3;3;5;15.2;92;82;283
3;3;5;15.2;92;82;284
3;3;5;15.2;92;82;285
3;3;4;15.2;92;81;286
3;3;4;15.2;92;82;287
4;4;28;15.2;92;82;288
5;5;5;15.2;92;82;289
5;5;5;15.2;92;82;290
3;3;4;15.2;92;82;291
1;3;4;15.2;92;82;292
4;4;7;15.2;92;81;293
3;4;4;15.2;92;82;294
3;4;6;15.2;92;82;295
3;4;7;15.2;92;82;296
4;4;5;15.2;92;82;297
3;3;5;15.2;92;82;298
3;3;5;15.2;92;81;299
4;4;6;15.2;92;82;300
3;3;5;15.2;92;82;301
1;3;4;15.2;92;82;302
5;5;7;15.2;92;82;303
5;5;7;15.2;92;82;304
4;4;5;15.2;92;82;305
5;6;10;15.2;92;82;306
5;6;10;15.2;92;82;307
4;4;7;15.2;93;81;308
5;5;7;15.2;93;81;309
5;5;9;15.2;93;81;310
5;5;7;15.2;93;81;311
5;5;9;15.2;93;81;312
3;5;9;15.2;92;81;313
4;4;6;15.2;92;81;314
2;2;3;15.2;92;81;315
2;2;3;15.2;92;81;316
4;4;4;15.2;92;82;317
2;2;4;15.2;92;82;318
2;2;6;15.2;92;82;319
2;4;5;15.2;92;82;320
5;5;6;15.2;92;82;321
5;5;6;15.2;92;82;322
66;4;5;15.2;92;82;323
2;2;3;15.2;92;82;324
2;2;3;15.2;92;82;325
66;4;5;15.2;92;81;326
3;4;5;15.2;92;81;327
4;4;4;15.2;92;81;328
66;4;5;15.2;92;81;329
3;4;6;15.2;92;82;330
3;3;5;15.2;92;82;331
66;4;5;15.2;92;81;332
4;4;5;15.2;92;81;333
4;4;5;15.2;92;81;334
66;4;5;15.2;92;82;335
3;3;5;15.2;92;81;336
3;3;4;15.2;92;81;337
66;4;5;15.2;92;81;338
4;4;6;15.2;92;82;339
4;4;6;15.2;92;81;340
4;4;28;15.2;92;81;341
5;7;12;15.2;92;81;342
5;7;12;15.2;92;82;343
4;4;28;15.2;92;81;344
5;5;6;15.2;92;81;345
4;5;7;15.2;92;81;346
1;4;28;15.2;92;81;347
2;4;7;15.2;92;81;348
2;4;6;15.2;92;81;349
3;4;28;15.2;92;81;350
5;5;10;15.2;92;80;351
5;5;10;15.2;92;81;352
5;4;28;15.2;92;81;353
4;4;6;15.2;92;81;354
4;4;7;15.2;92;81;355
5;4;28;15.2;92;81;356
3;5;7;15.2;92;81;357
6;6;9;15.2;92;81;358
3;4;28;15.2;92;81;359
1;3;5;15.2;92;81;360
4;4;6;15.2;92;81;361
4;4;28;15.2;92;81;362
2;3;3;14.8;92;81;363
2;2;3;15.2;92;81;364
3;4;28;15.1;92;81;365
4;4;7;14.8;92;81;366
4;4;6;14.8;91;81;367
4;4;28;14.8;91;81;368
2;4;7;14.8;91;80;369
5;5;7;14.8;91;80;370
3;4;28;14.8;91;80;371
2;4;7;14.8;91;81;372
2;3;6;14.8;91;81;373
3;4;28;14.8;91;80;374
2;4;5;14.8;91;80;375
2;4;5;14.8;91;80;376
5;4;28;14.8;91;80;377
2;2;3;14.8;91;80;378
1;3;4;14.8;91;80;379
1;4;28;14.8;91;80;380
4;4;5;14.8;91;80;381
4;4;5;14.8;91;80;382
3;4;28;14.8;91;80;383
3;4;6;14.8;91;80;384
3;3;5;14.8;91;80;385
3;4;28;14.8;91;80;386
3;3;5;14.8;91;80;387
3;3;5;14.8;91;80;388
2;4;28;14.8;91;80;389
4;4;6;14.8;91;80;390
3;3;4;15.2;92;80;391
4;4;28;14.4;91;80;392
1;3;3;14.4;91;80;393
1;3;3;14.4;91;80;394
3;4;28;14.4;91;79;395
3;3;5;14.4;91;80;396
3;3;5;14.4;91;79;397
2;4;28;14.4;91;80;398
3;3;3;15.2;92;80;399
3;3;3;14.4;91;80;400
4;4;512;14.4;91;80;401
3;4;5;14.4;91;79;402
3;3;5;14.4;91;80;403
4;4;256;14.4;91;80;404
1;3;5;14.4;91;79;405
3;3;5;14.4;91;79;406
4;4;256;14.4;91;79;407
1;1;1;14.4;91;80;408
1;1;2;14.4;91;79;409
4;4;5;14.4;91;79;410
3;3;5;14.4;91;79;411
3;3;5;15.2;92;80;412
4;4;256;14.4;91;78;413
3;3;4;14.4;91;79;414
2;3;4;14.4;91;79;415
4;4;768;14.4;91;79;416
1;3;5;14.4;91;80;417
1;3;5;14.4;91;80;418
4;4;768;14.4;91;80;419
4;4;8;14.4;91;79;420
2;4;8;14.4;91;80;421
4;4;5;14.4;91;80;422
3;3;3;14.4;91;80;423
1;3;3;14.4;91;80;424
4;4;256;15.2;92;80;425
2;4;5;14.4;91;80;426
3;5;5;14.4;91;80;427
4;4;5;14.4;91;80;428
4;4;6;14.4;91;80;429
1;3;3;14.4;91;80;430
4;4;5;14.4;91;80;431
4;5;10;14.4;91;80;432
2;4;6;14.4;91;80;433
4;4;768;14.4;91;80;434
3;5;8;14.4;91;80;435
4;4;5;14.3;91;80;436
4;4;5;14.1;92;80;437
8;8;10;14.1;93;80;438
5;7;10;13.7;94;80;439
4;4;5;14.1;94;80;440
3;5;7;14.1;94;80;441
5;6;11;14.1;94;80;442
4;4;5;14.1;94;80;443
3;5;9;14.1;94;80;444
5;5;9;14.1;93;80;445
4;4;5;14.1;93;80;446
5;5;8;14.1;93;80;447
2;4;7;14.1;93;80;448
4;4;5;14.1;93;80;449
5;5;5;14.1;93;80;450
5;5;8;14.1;93;80;451
4;4;5;14.1;93;80;452
4;5;6;14.1;93;80;453
3;5;10;14.1;92;80;454
4;4;768;14.1;93;79;455
3;3;4;14.1;92;79;456
2;4;8;14.1;92;79;457
4;4;5;14.1;92;79;458
5;5;8;14.1;92;79;459
5;5;12;14.1;92;79;460
4;4;768;14.1;92;79;461
3;5;10;14.1;92;79;462
4;4;7;14.1;92;79;463
4;4;768;14.1;92;79;464
4;4;9;14.1;92;79;465
4;6;8;14.1;92;79;466
4;4;512;14.1;92;79;467
4;4;7;14.1;92;79;468
2;4;5;14.1;92;79;469
4;4;5;14.1;92;79;470
4;5;8;14.1;92;79;471
6;6;9;14.1;92;79;472
4;4;768;14.1;92;79;473
1;3;4;14.1;92;79;474
5;6;9;14.1;92;79;475
4;4;768;14.1;92;79;476
4;4;4;14.1;92;79;477
4;5;8;14.1;92;79;478
4;4;5;14.1;92;79;479
5;6;9;14.1;92;79;480
5;5;10;14.1;92;79;481
4;4;5;14.1;92;79;482
4;6;8;14.1;92;79;483
5;5;7;14.1;92;79;484
4;4;5;14.1;92;78;485
5;6;11;14.1;92;79;486
5;5;8;14.1;92;79;487
4;4;5;14.1;92;79;488
5;6;9;14.1;92;79;489
6;6;8;14.1;92;79;490
4;4;5;14.1;92;79;491
5;6;8;14.1;92;79;492
5;7;10;14.1;91;79;493
4;4;768;14.1;91;79;494
6;6;9;14.1;91;79;495
5;5;11;14.1;91;79;496
4;4;5;14.1;91;79;497
7;8;12;13.7;92;79;498
3;5;10;13.7;92;79;499
4;4;5;13.7;92;79;500
7;7;10;13.7;92;79;501
7;7;11;13.7;92;79;502
4;4;5;13.7;92;79;503
6;6;12;13.7;92;79;504
5;6;8;13.7;92;79;505
4;4;5;13.7;92;79;506
6;7;13;13.7;92;79;507
7;7;13;13.7;92;79;508
4;4;5;13.7;92;79;509
6;7;14;13.7;92;79;510
3;5;11;13.7;92;79;511
4;4;5;13.7;92;79;512
4;6;9;14.1;92;79;513
4;6;10;14.1;92;79;514
4;4;5;14.1;92;79;515
5;5;9;14.1;91;79;516
7;7;11;13.8;91;79;517
4;4;5;13.9;91;78;518
3;5;8;13.8;91;79;519
6;6;10;13.7;91;79;520
4;4;5;13.7;91;79;521
5;6;7;13.7;92;79;522
6;6;11;13.7;92;79;523
4;4;768;13.7;92;79;524
3;5;8;13.7;92;79;525
4;4;6;13.7;92;79;526
4;4;5;13.7;92;79;527
5;6;12;13.7;92;79;528
2;4;6;13.7;92;78;529
4;4;5;13.7;92;78;530
4;4;7;15.2;92;79;531
6;6;12;13.7;92;79;532
7;8;14;13.7;92;79;533
6;7;12;13.7;92;79;534
6;6;10;13.7;92;79;535
7;7;11;13.7;93;79;536
7;7;10;13.7;93;79;537
5;7;15;13.7;93;79;538
5;5;10;13.7;93;79;539
5;5;10;13.7;92;79;540
7;7;13;13.7;92;79;541
4;6;11;13.7;92;79;542
6;6;11;13.7;92;79;543
6;6;10;15.2;92;79;544
6;7;12;13.7;92;79;545
28;6;6;13.7;92;79;546
6;6;14;13.7;92;79;547
7;7;9;13.7;92;79;548
28;7;7;13.7;92;79;549
6;7;10;13.7;92;79;550
7;7;10;13.7;92;78;551
28;3;5;15.2;92;78;552
4;6;9;13.7;92;78;553
6;7;16;13.7;92;78;554
28;8;8;13.7;92;79;555
6;8;15;13.7;92;79;556
5;6;13;13.7;92;78;557
28;4;7;13.7;93;79;558
4;6;13;13.7;93;79;559
7;7;12;15.2;92;78;560
28;6;6;13.7;93;78;561
4;6;11;13.7;93;79;562
6;6;13;13.7;92;79;563
4;6;12;13.7;92;78;564
3;5;11;13.7;92;78;565
8;8;11;13.7;93;79;566
6;8;11;13.7;94;79;567
6;6;10;13.7;94;79;568
7;7;15;13.7;94;78;569
5;7;13;13.7;93;78;570
5;5;10;13.7;93;79;571
8;8;16;13.7;93;79;572
7;8;16;13.7;93;79;573
6;8;18;13.7;92;78;574
7;7;11;13.7;92;78;575
7;7;11;13.7;92;78;576
8;8;13;13.7;92;79;577
7;9;14;13.7;92;79;578
7;9;13;13.7;92;79;579
5;7;13;13.7;92;78;580
7;8;13;13.7;92;78;581
8;8;11;13.7;92;79;582
6;8;12;13.7;92;79;583
7;7;12;14.1;92;79;584
6;7;13;14.1;92;78;585
8;8;13;14.1;92;79;586
4;6;16;14.1;92;79;587
5;7;16;14.1;91;79;588
6;6;11;14.1;91;78;589
6;7;12;14.1;91;78;590
7;7;12;14.1;91;79;591
6;6;14;14.1;91;78;592
7;7;12;15.2;92;78;593
7;7;12;13.7;92;79;594
7;8;13;13.7;92;79;595
8;9;15;13.7;92;78;596
7;8;15;13.7;93;78;597
5;7;11;13.7;92;78;598
7;7;12;13.7;92;79;599
7;7;13;13.7;92;78;600
7;8;15;13.7;92;79;601
8;8;15;13.7;92;78;602
6;8;14;13.8;92;79;603
6;8;14;14.1;92;79;604
8;8;16;14.1;92;79;605
8;8;15;15.2;92;78;606
5;7;15;14.1;92;79;607
9;9;14;14.1;91;79;608
8;9;15;14.1;91;79;609
6;8;12;14.1;91;79;610
7;9;16;14.1;91;78;611
6;9;15;14.1;91;79;612
8;8;15;14.1;91;79;613
8;8;13;13.9;91;78;614
8;8;11;13.7;91;78;615
7;9;13;13.7;91;78;616
6;8;16;13.7;91;78;617
6;8;15;13.7;91;78;618
8;8;14;13.7;92;78;619
7;7;13;13.7;92;78;620
7;7;14;13.7;91;78;621
6;8;12;13.7;92;78;622
6;7;11;13.7;92;78;623
6;7;11;13.7;92;78;624
6;8;12;13.7;92;78;625
7;8;14;13.7;91;78;626
6;8;14;13.7;91;78;627
6;8;11;13.7;91;78;628
6;8;16;13.7;91;78;629
6;8;16;13.7;91;78;630
6;7;11;13.7;91;78;631
7;8;17;13.7;91;78;632
8;8;16;13.7;91;78;633
5;7;14;13.7;91;78;634
7;9;13;13.3;91;78;635
9;9;15;13.3;91;77;636
6;8;16;13.3;91;77;637
5;7;12;13.3;91;77;638
6;7;11;13.3;91;77;639
7;8;14;13.3;91;77;640
6;6;11;13.3;91;77;641
6;6;13;13.3;91;77;642
9;11;16;13.3;91;77;643
8;8;13;13.3;91;77;644
8;8;13;13.3;91;77;645
8;8;13;13.3;91;77;646
5;7;12;13.3;91;77;647
5;7;13;13.3;91;77;648
7;8;13;13.3;91;77;649
6;6;11;13.3;91;77;650
6;6;11;13.3;91;77;651
5;6;11;13.3;91;77;652
4;4;8;13.3;91;77;653
3;4;9;13.1;91;77;654
6;6;10;13;91;77;655
5;7;14;13;91;77;656
7;7;13;13;91;77;657
5;5;10;13;91;77;658
5;5;8;13;91;77;659
5;5;8;13;91;77;660
6;6;9;13;91;77;661
6;6;8;13;91;77;662
6;6;8;13;91;77;663
4;5;11;13;91;77;664
5;6;10;13;91;77;665
6;6;9;13;91;77;666
4;6;12;13;91;77;667
5;5;9;13;91;77;668
5;5;8;13;91;77;669
5;5;7;13;91;77;670
5;5;8;13;91;77;671
5;5;8;13;91;76;672
4;4;7;13;91;76;673
2;4;9;15.2;92;77;674
2;4;8;13;91;76;675
4;768;5;13;91;77;676
5;5;8;13;91;77;677
5;5;8;13;91;77;678
4;512;5;13;91;77;679
4;4;5;13;91;77;680
2;4;6;13;91;77;681
4;4;5;13;91;77;682
3;3;5;13;91;77;683
3;3;5;13;91;76;684
4;768;5;13;91;77;685
4;4;8;13;91;77;686
2;4;6;15.2;92;77;687
4;28;4;13;91;77;688
1;3;5;13;91;77;689
2;4;6;13;91;77;690
4;256;768;13;91;77;691
1;3;4;13;91;77;692
1;3;4;13;91;76;693
4;768;768;13;91;77;694
2;2;4;13;91;77;695
2;2;3;13;91;77;696
4;256;768;12.6;91;77;697
2;4;7;13;91;78;698
2;4;8;13;91;78;699
4;4;5;13;91;78;700
3;3;7;13;91;78;701
3;3;6;13;91;78;702
4;768;768;13;91;78;703
2;4;4;13;91;78;704
2;4;4;13;91;78;705
4;512;512;13;91;78;706
3;4;7;13;91;78;707
3;4;7;13;91;78;708
4;4;5;13;91;77;709
3;3;6;13;91;77;710
4;4;7;13;91;77;711
4;4;5;13;91;77;712
2;4;5;13;91;77;713
2;4;4;13;91;77;714
4;768;768;13;91;77;715
2;4;5;13;91;77;716
2;4;5;13;91;77;717
4;768;768;13;91;77;718
5;5;9;13;91;77;719
5;5;9;13;91;77;720
4;512;512;13;91;78;721
4;4;9;13.3;91;78;722
2;4;8;13.3;91;77;723
4;4;5;13.3;91;77;724
7;7;13;13.3;91;77;725
6;7;13;13.3;91;77;726
4;4;5;13.3;91;78;727
6;6;9;13.3;91;78;728
5;6;9;13.3;91;77;729
4;4;5;13.3;91;77;730
5;7;13;13.3;91;77;731
6;8;13;13.3;91;78;732
4;768;5;13.3;92;78;733
6;8;14;13.3;92;78;734
6;8;15;13.3;92;78;735
4;768;5;13.3;92;78;736
7;7;10;13.3;92;78;737
6;7;12;13.3;92;78;738
4;4;5;13.3;92;78;739
12;14;25;13.3;92;78;740
12;14;25;13.3;92;78;741
4;4;5;13.3;92;78;742
15;17;28;13.3;92;79;743
15;17;29;13.3;93;78;744
4;4;5;13.3;94;78;745
17;18;27;13;94;79;746
18;18;27;13;94;79;747
4;4;5;13;95;79;748
18;20;31;13;95;79;749
18;20;32;13.3;95;79;750
4;4;5;13.3;95;79;751
17;18;30;13.3;94;79;752
16;18;30;13.3;94;79;753
4;4;5;13.3;94;79;754
16;17;26;15.2;92;79;755
15;17;24;13.7;93;80;756
12;14;27;13.7;93;79;757
12;14;22;13.7;93;80;758
66;4;5;13.7;93;80;759
15;15;27;14.1;93;80;760
14;16;26;14.1;92;80;761
66;4;5;14.1;92;80;762
16;18;32;14.1;92;79;763
19;20;31;14.4;92;80;764
66;4;5;14.4;92;80;765
16;17;30;14.4;92;80;766
14;16;27;14.4;92;79;767
66;4;5;14.8;91;79;768
11;14;27;14.8;91;80;769
14;17;28;14.8;91;80;770
66;4;5;14.8;91;80;771
11;16;27;15.2;91;80;772
16;18;32;15.2;91;80;773
66;4;5;15.2;91;80;774
16;18;31;15.2;91;80;775
17;19;29;15.2;91;80;776
66;4;5;14.8;91;80;777
19;23;42;14.8;92;80;778
16;18;31;14.8;92;80;779
66;4;5;15.2;91;80;780
16;19;31;15.2;91;80;781
18;24;39;14.8;92;80;782
66;4;5;14.8;93;80;783
17;21;37;15.2;92;80;784
21;24;43;15.2;91;80;785
66;4;5;15.2;91;80;786
21;23;43;15.2;91;80;787
19;25;49;15.2;90;80;788
66;4;5;15.2;90;80;789
23;24;44;15.2;90;80;790
21;24;38;15.2;90;80;791
66;4;5;15.2;90;80;792
23;25;45;15.2;90;80;793
22;24;48;15.2;90;80;794
66;4;5;15.2;90;81;795
21;22;43;15.7;90;81;796
17;24;43;15.7;90;80;797
66;4;5;15.7;90;80;798
20;24;40;15.7;90;80;799
22;24;47;15.7;90;80;800
66;4;5;15.7;89;80;801
24;26;41;15.7;89;80;802
20;23;44;15.7;90;81;803
66;4;5;15.2;91;80;804
21;25;39;15.7;91;81;805
25;25;38;15.7;91;81;806
66;4;5;15.7;91;80;807
20;22;32;15.7;90;80;808
21;23;35;15.7;90;80;809
66;4;5;15.7;90;81;810
23;25;39;15.7;90;80;811
20;22;40;15.7;90;81;812
66;4;5;15.7;90;80;813
19;23;40;15.7;90;80;814
4;4;5;15.7;91;81;815
66;4;5;15.7;91;81;816
23;25;47;15.7;91;81;817
4;4;5;15.9;91;80;818
66;4;5;15.7;90;80;819
23;24;39;15.7;90;80;820
4;4;5;16.1;89;80;821
66;4;5;16.1;89;81;822
21;23;38;16.1;89;79;823
4;4;5;16.1;89;80;824
66;4;5;16.1;88;81;825
20;22;36;16.1;88;81;826
4;4;5;16.1;88;80;827
66;4;5;16.1;88;80;828
17;19;33;16.1;87;80;829
4;4;5;16.1;87;80;830
66;4;5;16.1;87;80;831
20;21;34;16.1;87;80;832
4;4;5;16.1;87;79;833
66;4;5;16.6;87;80;834
16;20;36;16.6;87;79;835
4;4;5;16.6;86;79;836
66;4;5;16.6;86;79;837
16;19;27;16.6;86;79;838
4;4;5;16.6;86;79;839
66;4;5;16.6;86;79;840
15;16;26;16.6;85;80;841
4;4;5;16.6;86;79;842
66;4;5;16.6;85;79;843
17;17;29;16.6;85;79;844
4;4;5;16.6;85;79;845
66;4;5;17;85;79;846
12;14;24;17;85;79;847
4;4;5;17;84;79;848
66;4;5;17;84;79;849
13;15;25;17;84;80;850
4;4;5;17;83;80;851
66;4;5;17.4;83;80;852
11;13;23;17.4;82;79;853
4;4;5;17.4;82;79;854
66;4;5;17.4;82;80;855
16;17;23;17.4;82;80;856
4;4;5;17.4;82;79;857
66;4;5;17.8;82;79;858
13;13;20;17.4;81;79;859
4;4;5;17.8;82;79;860
66;4;5;17.8;82;79;861
7;9;17;17.8;82;79;862
4;4;5;17.8;80;79;863
66;4;5;17.8;81;79;864
10;11;20;18.2;80;78;865
4;4;5;18.2;79;79;866
66;4;5;18.2;79;80;867
10;15;22;18.2;80;79;868
4;4;5;18.2;80;78;869
66;4;5;18.3;79;79;870
9;9;14;18.6;79;78;871
4;4;5;18.6;78;78;872
66;4;5;18.6;78;78;873
4;6;9;18.6;78;79;874
4;4;5;15.2;92;78;875
66;4;5;18.6;78;78;876
4;28;8;19;78;78;877
4;4;5;19;77;79;878
8;8;14;19;76;79;879
4;28;10;19.4;76;78;880
4;4;5;19;74;78;881
7;9;13;19;75;77;882
4;28;9;15.2;92;79;883
4;4;5;18.6;77;78;884
9;9;14;19;76;78;885
4;28;6;19;75;78;886
6;8;12;19;75;78;887
9;10;18;19;75;78;888
4;28;9;19;75;78;889
7;9;14;18.2;75;78;890
6;8;17;15.2;92;79;891
4;28;10;18.6;78;79;892
7;9;15;18.6;78;79;893
7;9;16;19;78;79;894
6;8;15;19;77;79;895
10;11;20;19;77;79;896
9;11;19;19;77;78;897
8;9;16;18.6;74;79;898
11;11;18;19;77;78;899
0;0;0;0;0;0;99999
