15;11;2024;06;00;0;99999
0;0;0;19;97;109;1
7;9;24;19;91;102;2
109;111;180;19;91;101;3
117;126;201;19.4;91;100;4
113;126;200;19.4;91;101;5
90;99;155;19.4;91;101;6
79;86;136;19.8;91;101;7
78;86;133;19.8;91;99;8
76;82;126;19.8;91;99;9
74;81;129;19.8;91;99;10
74;81;129;20.2;91;100;11
76;78;124;20.2;91;99;12
69;78;123;20.2;90;99;13
70;78;120;20.2;90;100;14
6;8;11;20.2;90;101;15
6;8;11;20.2;90;101;16
6;28;58;20.6;90;101;17
61;65;97;20.6;90;101;18
63;65;101;20.6;90;100;19
6;28;57;20.6;89;102;20
55;61;90;20.6;89;101;21
54;61;89;20.6;89;102;22
63;8;28;20.8;88;102;23
55;60;85;21;87;101;24
55;60;81;21;86;101;25
54;8;28;21;86;102;26
52;54;86;21;86;102;27
51;54;84;21;85;101;28
49;8;28;21;85;101;29
40;45;70;21;85;101;30
41;45;73;21.4;85;103;31
42;8;28;21.4;85;103;32
42;44;67;21.4;84;102;33
43;44;67;21.4;84;103;34
43;8;28;21.4;84;103;35
42;45;67;21.4;84;104;36
43;45;67;21.4;83;104;37
6;8;8;21.4;83;105;38
6;8;8;21.4;83;104;39
28;39;41;21.4;82;104;40
40;8;28;21.5;82;105;41
35;38;56;21.8;82;104;42
6;8;8;21.8;82;106;43
35;8;28;21.8;82;106;44
38;39;59;21.8;82;105;45
34;39;58;21.8;82;105;46
36;8;28;21.8;82;103;47
33;35;50;21.8;82;103;48
33;35;51;21.8;82;102;49
33;8;28;21.8;82;102;50
29;35;50;21.8;82;102;51
28;34;50;21.8;82;101;52
29;8;28;21.8;82;100;53
30;31;46;21.8;82;100;54
29;31;43;21.8;82;99;55
23;8;28;22.2;82;98;56
24;26;41;22.2;81;98;57
24;26;44;22.2;81;98;58
18;8;28;22.2;81;98;59
19;23;35;22.2;81;99;60
18;23;35;22.2;81;99;61
22;8;28;22.2;81;99;62
21;23;37;22.2;81;97;63
23;23;37;22.2;81;97;64
21;8;28;22.2;81;99;65
21;23;35;22.2;81;99;66
21;23;34;22.2;81;99;67
20;8;28;22.2;81;99;68
21;21;31;22.2;81;99;69
19;21;31;22.2;81;100;70
19;8;28;22.2;80;99;71
18;19;30;22.2;80;99;72
16;20;32;22.2;80;99;73
28;17;19;22.2;80;99;74
18;20;29;22.2;80;99;75
16;19;26;22.2;79;99;76
28;14;17;22.2;79;99;77
14;17;26;22.2;79;99;78
14;16;26;22.2;79;99;79
28;15;15;22.2;79;100;80
15;15;27;22.2;79;99;81
15;15;22;22.2;79;99;82
28;14;16;22.2;79;100;83
14;16;30;22.2;79;100;84
12;14;20;22.2;79;100;85
28;14;15;22.2;79;101;86
15;15;22;22.2;79;101;87
14;15;19;22.2;78;101;88
28;15;16;22.2;78;101;89
14;15;20;22.2;78;101;90
12;14;21;22.2;78;101;91
28;13;14;22.2;78;101;92
13;14;19;22.2;78;102;93
10;11;19;22.2;78;101;94
28;11;12;22.2;78;102;95
11;12;19;22.2;78;101;96
10;11;16;22.2;78;101;97
28;12;12;22.2;78;101;98
12;12;19;22.2;78;102;99
7;9;19;22.2;78;101;100
28;8;10;22.2;78;102;101
9;11;16;22.2;78;102;102
11;11;18;22.2;78;102;103
28;10;12;22.2;78;102;104
12;12;20;22.2;78;102;105
8;10;19;22.2;78;102;106
28;8;10;22.2;78;102;107
8;10;18;22.2;78;101;108
11;11;17;22.2;78;101;109
28;8;10;22.2;78;100;110
8;10;17;22.2;78;100;111
7;9;15;22.2;78;100;112
28;7;9;22.2;78;100;113
7;9;16;22.2;78;99;114
10;12;19;22.2;78;99;115
28;7;7;22.2;78;99;116
8;8;11;22.2;78;99;117
9;9;14;22.2;78;99;118
28;8;10;22.2;78;99;119
8;9;14;22.2;78;98;120
8;9;15;22.2;78;98;121
28;8;8;22.2;78;99;122
6;8;13;22.2;77;98;123
6;8;11;22.2;77;98;124
28;6;8;22.2;77;98;125
8;8;11;22.2;77;96;126
6;8;11;22.2;77;97;127
28;6;8;22.2;77;97;128
6;8;13;22.2;77;97;129
6;8;11;22.2;77;97;130
28;8;8;22.2;77;97;131
7;8;13;22.2;77;97;132
6;8;11;22.2;77;96;133
28;7;8;22.2;77;96;134
7;8;14;22.2;77;96;135
6;8;11;22.2;77;97;136
28;7;7;22.2;77;96;137
6;7;15;22.2;77;96;138
6;8;11;22.2;77;96;139
28;6;8;22.2;77;96;140
6;8;13;22.2;76;95;141
6;8;11;22.2;76;95;142
28;5;7;22.2;76;95;143
6;8;13;22.2;76;95;144
6;8;11;22.2;76;95;145
28;7;8;22.2;76;94;146
7;8;13;22.2;76;95;147
6;8;11;22.2;76;94;148
28;5;6;22.2;76;94;149
6;6;11;22.2;76;94;150
6;8;11;22.2;76;93;151
28;5;5;22.2;76;93;152
5;5;8;22.2;76;93;153
6;8;11;22.2;75;93;154
28;7;8;22.2;76;94;155
7;8;13;22.2;76;94;156
6;8;11;22.2;76;94;157
28;7;8;22.2;75;95;158
7;8;11;22.2;75;94;159
6;8;11;22.2;76;94;160
28;4;4;22.2;75;94;161
3;4;7;22.2;75;93;162
6;8;11;22.2;75;93;163
28;5;6;22.3;75;94;164
5;6;8;22.2;75;94;165
6;8;11;22.2;75;94;166
28;2;4;22.2;75;94;167
3;5;6;22.3;75;95;168
6;8;11;22.3;75;96;169
28;4;4;22.4;75;97;170
4;4;7;22.5;75;96;171
6;8;11;22.6;75;96;172
28;7;7;22.6;75;96;173
7;7;15;22.6;75;96;174
6;8;11;22.6;75;96;175
28;5;5;22.6;75;94;176
4;5;10;22.6;75;95;177
6;8;11;22.6;75;96;178
28;7;7;22.6;75;96;179
5;7;11;22.6;75;98;180
6;8;11;22.6;75;96;181
28;8;8;22.6;75;95;182
7;7;9;22.6;75;95;183
6;8;11;22.6;75;94;184
28;5;6;22.6;75;94;185
5;5;8;22.6;75;94;186
6;8;11;22.6;75;95;187
28;5;5;22.6;75;95;188
5;5;11;22.6;75;95;189
6;768;11;22.6;75;95;190
28;5;5;22.6;75;95;191
3;5;9;22.6;75;95;192
6;768;11;22.6;75;95;193
28;4;4;22.6;75;95;194
4;4;6;22.6;75;95;195
6;8;11;22.6;75;95;196
28;4;5;22.6;75;95;197
4;5;7;22.6;75;95;198
6;8;11;22.6;74;95;199
28;3;3;22.6;75;96;200
3;3;5;22.6;75;96;201
6;8;11;22.6;75;96;202
28;4;4;22.6;75;97;203
4;4;9;22.6;75;97;204
6;8;11;22.6;75;96;205
28;5;6;22.6;75;96;206
6;6;11;22.6;75;95;207
6;8;11;22.6;75;96;208
28;1;3;22.6;74;97;209
1;3;3;22.6;74;96;210
6;512;512;22.6;74;96;211
28;2;2;22.6;74;96;212
1;3;6;22.6;75;94;213
6;512;768;22.6;75;93;214
28;3;3;22.6;75;92;215
1;3;6;22.6;75;91;216
6;768;768;22.6;75;92;217
28;5;5;22.6;75;91;218
5;5;8;22.6;75;91;219
6;512;768;22.6;76;91;220
28;3;4;22.7;76;91;221
2;3;4;23;76;91;222
6;512;512;23;76;91;223
28;1;2;23;76;92;224
1;2;6;23;76;92;225
6;512;512;23;76;93;226
28;2;2;23;76;93;227
2;2;7;23;76;92;228
6;256;768;23;76;93;229
28;3;3;23;76;93;230
3;3;4;23;75;93;231
6;512;512;23;75;92;232
28;1;2;23;75;92;233
1;2;5;23;75;93;234
6;256;512;23;75;93;235
28;3;3;23;74;93;236
3;3;4;23;74;96;237
6;512;512;21.4;72;99;238
28;3;66;23;75;100;239
2;3;7;23;75;100;240
6;512;512;23;75;99;241
2;2;66;23;75;98;242
2;3;5;23;75;97;243
6;512;512;23;75;96;244
2;2;66;23;75;95;245
3;4;6;23;75;95;246
6;768;768;23;76;94;247
2;3;66;23;76;92;248
2;2;5;23;76;91;249
6;512;512;23;76;91;250
2;2;66;23;76;91;251
3;3;4;23;76;89;252
6;256;768;23;76;89;253
1;3;66;23;76;89;254
1;1;3;23;76;86;255
6;512;768;23;75;86;256
2;3;66;23;75;87;257
1;1;1;23.4;75;88;258
6;256;256;23.4;75;88;259
1;1;66;23.4;75;88;260
2;2;5;23.4;75;87;261
6;768;768;23.4;74;87;262
2;3;66;23.5;74;86;263
2;2;2;23.8;74;88;264
6;512;512;23.8;74;87;265
1;3;66;23.8;74;86;266
1;1;1;23.8;73;87;267
6;256;256;23.8;73;87;268
1;1;66;23.8;73;87;269
2;2;3;23.8;73;86;270
6;512;512;23.8;73;86;271
2;2;66;23.8;73;86;272
1;1;4;24.1;73;86;273
6;256;256;24.1;73;86;274
1;1;66;24.1;73;86;275
2;2;2;24.1;73;87;276
6;256;512;24.5;73;87;277
1;1;66;24.5;73;88;278
3;3;3;24.5;73;88;279
6;256;256;24.5;73;87;280
1;1;66;24.5;73;88;281
2;2;2;24.8;73;88;282
6;512;512;24.8;73;87;283
2;2;66;24.8;73;87;284
2;2;3;21.4;72;87;285
6;512;11;24.8;72;86;286
28;1;1;24.8;72;87;287
1;1;3;24.8;72;87;288
2;2;11;24.8;72;87;289
28;3;3;24.8;72;87;290
2;3;5;24.8;72;87;291
2;2;11;21.4;72;87;292
28;2;2;24.8;72;87;293
6;256;512;24.8;72;87;294
1;1;11;24.8;72;87;295
2;2;2;24.6;72;86;296
6;512;512;24.5;72;86;297
2;2;11;24.5;72;86;298
3;3;3;24.5;72;86;299
6;256;512;24.5;72;87;300
1;2;11;24.5;72;86;301
1;1;2;24.5;72;86;302
6;512;512;24.5;72;86;303
2;2;11;24.5;72;87;304
2;2;5;24.5;72;87;305
6;512;512;24.5;72;87;306
2;2;11;24.5;72;87;307
2;2;2;24.5;72;88;308
6;512;512;24.5;72;88;309
2;2;11;24.5;72;88;310
2;2;3;24.5;72;89;311
6;256;512;21.4;72;89;312
2;2;11;24.5;72;89;313
2;2;4;24.5;72;89;314
6;512;512;24.5;72;89;315
2;2;4;24.5;72;90;316
2;2;5;24.5;72;90;317
6;8;11;24.5;72;90;318
4;4;6;21.4;72;90;319
7;7;11;24.5;72;90;320
8;8;12;24.5;73;89;321
8;8;11;24.5;73;90;322
3;4;6;24.5;73;87;323
8;8;17;24.5;72;89;324
8;8;17;24.5;72;91;325
6;8;13;24.3;72;88;326
6;8;15;24.1;72;90;327
7;8;15;24.1;72;87;328
7;8;13;24.1;73;88;329
6;8;13;24.1;73;86;330
7;8;13;24.1;72;86;331
6;7;11;24.1;72;89;332
6;8;13;24.1;72;87;333
6;8;14;24.1;73;84;334
7;7;9;24.1;73;85;335
5;5;11;24.1;73;85;336
5;5;10;24.1;73;84;337
4;6;10;24.1;72;84;338
6;6;10;24.1;72;84;339
5;6;9;24.1;72;85;340
7;7;9;24.1;72;84;341
5;7;10;24.1;72;83;342
5;7;11;24.1;72;83;343
7;8;13;21.4;72;84;344
6;8;10;24.1;71;84;345
6;7;11;24.1;72;82;346
5;7;10;24.1;71;82;347
6;6;11;24.1;71;82;348
6;6;11;24.1;71;83;349
6;6;11;24.1;72;83;350
5;6;9;24.1;71;83;351
7;8;12;23.8;72;84;352
7;8;10;23.8;72;85;353
8;8;13;24.1;72;85;354
7;7;12;24.1;72;87;355
7;7;11;24.1;72;87;356
8;8;13;24.5;72;88;357
6;8;11;24.5;72;88;358
8;8;11;24.8;71;88;359
9;9;15;24.8;71;88;360
7;9;14;24.8;71;88;361
7;9;13;25.2;71;87;362
7;9;14;25.3;70;87;363
8;10;13;25.3;70;88;364
10;10;13;25.3;70;88;365
7;9;12;25.3;70;88;366
7;8;16;25.3;70;86;367
8;8;16;25.3;70;86;368
8;8;12;25.3;70;88;369
7;9;14;25.3;70;88;370
7;9;13;25.3;70;87;371
9;9;15;25.3;70;86;372
7;7;11;25.3;70;88;373
7;7;12;25.3;70;87;374
6;8;13;25.3;70;86;375
8;8;12;25.3;70;86;376
8;8;13;21.4;72;86;377
8;8;11;25.2;70;87;378
8;8;12;24.8;70;87;379
8;8;13;24.8;70;86;380
7;9;15;24.8;70;86;381
8;8;15;24.8;70;86;382
6;8;15;24.8;70;86;383
7;8;12;21.4;72;87;384
6;28;5;24.8;70;87;385
5;7;11;24.8;70;87;386
7;9;14;24.8;70;87;387
6;28;7;24.8;70;87;388
5;7;11;24.5;70;88;389
7;7;10;24.5;70;86;390
6;28;7;24.5;70;87;391
6;7;11;24.5;70;87;392
8;8;11;24.5;70;88;393
6;28;7;24.5;70;89;394
7;7;11;24.5;70;88;395
6;8;11;24.5;70;88;396
6;28;6;24.5;70;90;397
6;8;11;24.5;70;89;398
6;7;12;24.5;70;90;399
6;28;4;24.5;70;90;400
4;6;11;24.1;70;89;401
7;7;10;24.1;70;90;402
6;28;6;24.1;70;89;403
6;8;11;24.1;70;89;404
8;8;11;24.1;70;90;405
6;28;8;24.1;71;90;406
8;8;11;24.1;71;90;407
7;7;13;24.1;71;90;408
6;28;5;24.1;71;90;409
6;6;11;24.1;71;91;410
5;7;9;24.1;71;89;411
6;28;3;24.1;71;89;412
3;5;11;24.1;71;89;413
6;7;9;24.1;71;89;414
6;28;6;24.1;71;89;415
6;8;11;24.1;71;88;416
5;5;8;21.4;72;89;417
6;28;7;23.8;71;87;418
7;7;9;23.8;71;87;419
7;7;9;21.4;72;88;420
6;7;12;23.8;71;88;421
6;7;10;23.8;72;88;422
7;7;10;23.8;72;87;423
6;6;7;23.8;72;89;424
4;5;10;23.8;72;89;425
5;5;9;23.8;72;89;426
3;5;6;23.8;72;89;427
4;5;9;23.8;72;89;428
5;5;8;23.8;72;90;429
3;5;7;23.8;72;89;430
3;5;5;23.8;72;90;431
3;5;6;23.8;72;90;432
5;5;10;23.8;72;90;433
6;6;8;23.8;72;90;434
5;6;8;23.8;72;90;435
2;4;7;21.4;72;90;436
7;7;7;23.8;72;89;437
7;7;66;23.8;72;90;438
5;5;9;23.5;72;90;439
5;5;10;23.4;72;89;440
5;5;66;23.4;72;89;441
2;4;4;23.4;72;90;442
5;5;9;23.4;72;90;443
6;6;66;23.4;72;90;444
3;4;6;23.4;72;90;445
5;6;11;23.4;72;89;446
4;4;66;23.4;72;91;447
4;5;6;23.4;72;90;448
3;5;8;23.4;72;90;449
4;4;66;23.4;72;90;450
4;6;9;23.4;72;90;451
5;5;8;23.4;72;90;452
5;5;66;23.4;72;90;453
5;5;7;23.4;72;90;454
2;4;6;23.4;72;90;455
3;5;66;23.4;72;90;456
3;5;8;23.4;72;91;457
6;8;11;23.4;72;91;458
2;4;66;23.4;72;91;459
5;5;7;21.4;72;92;460
4;4;6;23.4;72;91;461
1;3;4;23.4;72;92;462
1;3;4;23.4;72;91;463
4;4;6;23.4;72;91;464
2;4;6;23.4;72;91;465
2;4;5;23.4;72;91;466
4;4;6;23.4;72;91;467
4;4;5;23.4;72;92;468
4;4;4;23.4;72;91;469
4;4;5;23.4;72;91;470
4;4;6;23.4;72;91;471
4;4;6;23.4;72;91;472
4;4;4;23.1;72;91;473
4;4;6;23;72;90;474
3;4;6;23;72;91;475
3;3;3;21.4;72;91;476
2;8;28;23;72;91;477
66;8;11;23;72;92;478
1;3;3;23;72;92;479
2;8;28;23;72;89;480
66;8;11;23;72;90;481
3;4;7;23;72;92;482
2;8;28;23;72;94;483
66;8;11;23;72;95;484
3;3;6;23.4;72;93;485
4;8;28;23.4;72;94;486
66;8;11;23.4;72;96;487
2;3;5;23.4;72;95;488
3;8;28;23.4;72;96;489
66;8;11;23.4;72;96;490
4;4;6;23.4;72;96;491
1;8;28;23.4;72;97;492
66;8;11;23.4;72;98;493
3;3;6;23.4;72;97;494
4;8;28;23.4;72;98;495
66;8;11;23.4;72;99;496
3;4;4;23.4;72;99;497
2;8;28;23.4;72;99;498
66;8;11;23.4;72;99;499
4;4;5;23.4;72;98;500
4;8;28;23.4;72;99;501
66;8;11;23.4;72;100;502
2;2;4;23.4;72;98;503
3;8;28;23.4;72;99;504
66;8;11;21.4;72;99;505
5;5;5;23.4;72;99;506
3;3;4;23.4;72;100;507
66;8;11;23.4;72;100;508
3;66;11;23.4;72;99;509
2;4;6;23.4;72;101;510
66;8;11;23.4;72;101;511
4;66;11;23.4;72;100;512
3;3;5;23.4;72;102;513
66;8;11;23.4;72;102;514
4;66;11;23.4;72;102;515
2;4;5;23.4;72;101;516
66;8;11;23.4;72;101;517
4;66;11;23.4;72;99;518
4;4;7;23.4;72;99;519
66;8;11;23.4;72;99;520
4;66;11;21.4;72;98;521
5;5;6;23.4;72;98;522
3;4;8;23.4;73;98;523
4;66;11;23.4;73;98;524
4;5;7;23.7;73;98;525
4;4;6;23.8;73;98;526
5;66;11;23.8;73;97;527
3;4;6;21.4;72;97;528
5;5;9;23.8;73;97;529
6;8;11;23.8;73;98;530
6;8;11;23.8;73;98;531
3;5;8;23.8;73;97;532
4;4;7;23.8;73;97;533
4;4;7;23.8;73;97;534
5;5;8;21.4;72;97;535
6;28;6;23.8;73;97;536
6;6;7;23.8;73;97;537
5;5;7;23.8;73;98;538
6;28;5;23.8;73;98;539
5;5;7;23.8;73;98;540
7;7;9;23.8;73;98;541
6;28;6;21.4;72;98;542
6;6;8;23.8;72;98;543
7;7;10;23.8;72;98;544
6;28;3;23.8;72;98;545
6;6;8;23.8;72;98;546
8;8;12;23.8;72;98;547
6;28;6;23.8;72;99;548
4;6;9;23.8;72;98;549
5;5;9;23.8;72;99;550
6;28;6;23.8;72;99;551
5;6;8;23.8;72;98;552
5;5;8;23.8;72;99;553
6;28;7;23.8;72;99;554
6;7;11;23.8;72;100;555
6;7;12;23.8;72;99;556
6;28;6;23.8;72;99;557
6;8;11;23.8;72;99;558
7;7;11;23.8;72;100;559
6;28;4;23.8;72;99;560
4;6;11;23.8;72;99;561
6;8;12;23.8;72;99;562
6;28;6;23.8;72;100;563
4;6;9;23.8;72;99;564
6;6;8;23.8;72;98;565
6;28;5;23.8;72;97;566
8;8;9;23.8;72;98;567
6;66;11;23.8;72;100;568
6;6;7;23.8;72;99;569
4;6;8;23.8;72;99;570
6;66;11;23.8;71;96;571
3;5;6;23.8;71;99;572
3;5;7;23.8;71;96;573
6;66;11;23.8;71;97;574
6;6;9;23.8;71;98;575
6;6;8;23.8;71;97;576
3;66;11;23.8;71;99;577
5;5;7;23.8;71;98;578
3;5;7;23.8;71;98;579
5;66;11;23.8;71;98;580
7;7;11;23.8;71;99;581
6;7;10;23.8;71;97;582
6;66;11;23.8;71;98;583
3;5;7;23.8;71;99;584
3;5;8;23.8;71;98;585
5;66;11;23.8;71;99;586
6;6;7;23.8;71;96;587
4;6;7;23.8;71;96;588
6;66;11;23.8;71;97;589
5;5;6;23.8;71;95;590
5;5;6;23.8;71;96;591
6;66;11;23.8;70;97;592
4;5;8;23.8;70;96;593
4;4;6;23.8;70;99;594
7;66;11;23.8;70;97;595
4;6;11;23.8;70;96;596
6;6;11;23.8;70;97;597
5;66;11;21.4;72;97;598
5;8;28;23.8;70;97;599
8;8;10;23.8;70;97;600
5;66;11;23.8;70;95;601
6;8;28;23.8;70;97;602
3;5;8;23.8;70;97;603
6;66;11;23.8;70;98;604
5;8;28;21.4;72;98;605
6;6;9;23.8;70;97;606
7;7;9;23.8;70;98;607
6;8;28;23.8;70;96;608
6;7;11;23.8;70;98;609
6;7;11;23.8;70;97;610
6;8;28;23.8;70;97;611
5;5;8;21.4;72;97;612
7;7;9;23.8;70;97;613
7;7;12;23.8;70;98;614
6;7;12;23.8;70;95;615
6;8;28;23.8;70;97;616
5;5;7;23.8;70;96;617
5;5;7;23.8;70;95;618
6;8;28;23.8;70;97;619
6;7;8;23.8;70;98;620
5;7;8;23.8;70;94;621
5;8;28;23.8;70;95;622
8;8;12;23.8;69;95;623
8;8;12;23.8;70;96;624
6;7;12;23.8;69;97;625
6;7;9;23.8;69;94;626
6;28;7;23.8;69;95;627
5;7;11;23.8;69;94;628
6;7;10;23.8;69;97;629
6;28;6;23.8;69;97;630
6;7;10;23.8;69;98;631
7;7;10;23.8;69;97;632
6;28;5;23.8;69;96;633
5;7;11;23.8;69;96;634
7;7;13;23.8;69;96;635
6;28;6;23.8;69;99;636
8;8;9;23.8;69;96;637
7;7;10;23.8;69;99;638
6;28;5;23.8;69;98;639
4;5;9;23.8;69;96;640
6;8;13;23.8;69;96;641
6;28;6;23.8;69;98;642
8;8;12;23.8;69;95;643
5;7;10;23.8;69;97;644
6;28;7;23.8;69;96;645
8;8;11;23.8;69;99;646
5;7;13;23.8;69;96;647
6;28;7;23.8;69;96;648
6;8;12;23.8;69;97;649
6;8;14;23.8;69;97;650
6;28;6;23.8;69;95;651
6;7;9;21.4;72;96;652
6;8;10;23.8;69;96;653
7;9;13;23.8;69;96;654
9;9;14;23.8;69;96;655
6;28;8;23.8;69;96;656
7;7;13;23.8;69;98;657
7;7;12;23.8;69;97;658
6;28;8;23.8;69;96;659
5;7;13;23.8;69;96;660
6;6;13;23.8;69;97;661
6;28;8;23.8;69;98;662
8;8;11;21.4;72;97;663
8;8;11;23.8;69;98;664
7;9;13;23.8;69;98;665
7;9;12;23.8;69;98;666
7;9;12;23.8;69;97;667
8;8;14;23.8;69;99;668
9;9;11;23.8;69;98;669
7;9;12;23.8;69;98;670
6;8;13;23.8;69;96;671
6;7;10;23.8;69;98;672
5;7;11;23.8;69;98;673
7;9;13;23.8;69;97;674
6;8;9;23.8;69;97;675
8;8;9;23.8;69;99;676
8;8;12;23.8;69;99;677
7;9;13;23.8;69;98;678
9;9;13;23.8;69;99;679
9;9;14;23.8;69;98;680
8;9;14;23.8;69;98;681
8;9;14;23.8;69;99;682
6;8;13;23.8;69;96;683
8;9;13;23.8;69;95;684
8;8;12;23.4;69;95;685
7;8;12;23.4;69;96;686
8;8;14;23.4;69;95;687
8;8;13;23.4;69;95;688
6;8;13;23.4;69;97;689
7;8;10;23.4;69;95;690
7;7;9;23.4;69;95;691
6;8;12;23.4;69;97;692
6;8;13;23.4;69;96;693
6;8;13;23.4;69;97;694
8;8;11;23.4;69;95;695
7;8;10;23.4;69;96;696
8;8;9;23.4;69;95;697
6;8;16;23.4;69;94;698
4;6;11;23.4;69;97;699
6;6;11;23.4;69;96;700
6;8;12;23.4;69;97;701
5;7;12;23.4;69;97;702
5;7;12;23.4;69;96;703
6;8;13;23.4;69;95;704
6;8;12;23.4;69;97;705
7;7;12;23.4;69;97;706
6;8;10;23.4;69;96;707
7;8;11;23.4;69;98;708
7;8;10;23.4;69;94;709
7;7;11;23.4;69;96;710
6;8;15;23.4;69;95;711
6;8;17;23.4;69;95;712
6;7;12;23.4;69;95;713
6;8;11;23.4;69;92;714
6;8;13;23.4;69;97;715
6;7;12;23.4;69;95;716
6;8;11;23.4;69;94;717
6;8;11;23.4;69;97;718
7;7;11;23.4;69;95;719
8;8;12;23.4;69;95;720
8;8;12;23.4;69;94;721
6;6;9;23.4;69;93;722
7;7;10;23.4;69;96;723
5;7;10;23.4;69;93;724
7;7;12;23.4;69;93;725
7;8;13;23.4;69;96;726
7;8;14;23.4;69;97;727
8;8;12;23.4;69;97;728
6;8;11;21.4;72;95;729
8;8;11;23.4;69;94;730
6;66;11;23.4;69;97;731
6;7;9;23.4;69;94;732
6;7;9;23.4;69;95;733
4;66;11;23.4;69;93;734
8;8;13;23.4;69;94;735
8;8;13;23.4;69;95;736
7;66;11;23.4;69;94;737
8;8;11;23.4;69;95;738
8;8;11;23.4;69;95;739
7;66;11;23.4;69;94;740
7;8;12;23.3;69;95;741
7;8;12;23;69;93;742
7;66;11;23;69;95;743
7;8;13;23;69;95;744
6;7;13;21.4;72;95;745
5;66;11;23;69;94;746
8;8;13;23;69;93;747
7;8;12;23;69;95;748
6;66;11;23;69;93;749
7;8;10;23;69;92;750
8;8;11;23;69;94;751
8;66;11;21.4;72;93;752
6;7;10;23;69;94;753
66;8;11;23;69;93;754
6;66;11;23;69;93;755
5;7;11;23;69;93;756
66;8;11;23;69;93;757
7;66;11;23;69;91;758
7;8;13;21.4;72;91;759
66;8;11;23;69;91;760
5;7;10;22.8;69;91;761
5;7;9;22.6;69;91;762
7;8;14;22.6;69;89;763
8;8;11;22.6;69;90;764
7;8;12;22.6;69;90;765
6;7;12;22.6;69;90;766
7;8;12;22.6;69;89;767
7;7;12;22.6;69;89;768
6;8;13;22.6;69;89;769
4;6;9;22.6;69;89;770
4;6;9;22.6;69;89;771
7;8;12;22.6;69;89;772
7;7;16;22.6;69;88;773
5;7;16;22.6;69;89;774
6;6;8;21.4;72;90;775
6;6;11;22.6;69;90;776
6;6;9;22.6;69;90;777
5;7;9;22.6;69;89;778
6;8;11;22.6;69;88;779
5;6;8;22.6;69;88;780
4;6;11;22.6;69;88;781
7;8;11;22.6;69;89;782
7;7;11;22.6;69;88;783
5;7;11;22.6;69;88;784
8;8;11;22.6;69;89;785
6;8;13;22.6;69;89;786
6;6;10;22.6;69;89;787
5;7;11;22.6;69;90;788
6;7;11;22.6;69;90;789
7;8;13;22.6;69;89;790
6;6;11;21.4;72;89;791
6;6;11;22.6;69;89;792
8;8;12;22.6;69;90;793
8;8;11;22.3;69;90;794
6;7;11;22.2;69;91;795
5;7;11;22.2;69;92;796
7;7;11;22.2;69;91;797
5;6;10;22.2;69;91;798
5;7;11;22.2;69;90;799
8;8;11;22.2;69;90;800
7;7;13;22.2;69;90;801
5;7;8;22.2;69;90;802
5;7;11;22.2;69;91;803
7;8;11;22.2;69;90;804
6;7;9;22.2;69;90;805
6;6;11;22.2;69;90;806
8;8;11;22.2;69;90;807
6;6;8;22.2;69;89;808
4;6;11;22.2;69;89;809
8;8;12;22.2;69;89;810
7;7;10;22.2;69;89;811
6;7;11;22.2;69;89;812
6;8;11;22.2;69;89;813
6;8;12;22.2;69;89;814
6;8;11;22.2;69;89;815
6;8;12;22.2;69;89;816
7;7;11;22.2;69;89;817
7;7;11;22.2;69;88;818
5;7;11;22.2;69;89;819
7;7;10;22.2;69;89;820
6;7;11;22.2;69;89;821
6;6;10;22.2;69;90;822
2;4;7;22.2;69;90;823
3;5;11;22.2;69;90;824
6;8;15;22.2;69;91;825
4;6;9;22.2;69;90;826
4;6;11;22.2;69;90;827
6;768;11;22.2;69;90;828
6;7;12;22.2;69;90;829
6;66;11;22.2;69;90;830
8;8;13;22.2;69;91;831
8;8;11;22.2;69;91;832
8;66;11;22.2;69;91;833
7;7;13;21.4;72;90;834
5;6;7;22.2;69;90;835
7;7;11;22.2;69;90;836
7;7;11;22.2;69;90;837
7;66;11;22.2;69;89;838
6;7;12;22.2;69;90;839
6;6;9;22.2;69;90;840
5;66;11;22.2;69;91;841
5;7;9;22.2;69;90;842
8;8;12;22.2;69;90;843
5;66;11;22.2;69;90;844
7;7;9;22.2;69;90;845
7;7;9;22.2;69;90;846
6;66;11;22.2;69;90;847
6;8;10;22.2;69;90;848
6;8;11;22.2;69;91;849
5;66;11;22.2;69;90;850
7;7;12;22.2;69;90;851
6;7;12;22.2;69;90;852
5;66;11;22.2;69;91;853
6;6;10;22.2;69;90;854
5;6;10;22.2;69;90;855
4;66;11;22.2;69;89;856
6;7;12;22.1;69;91;857
6;7;11;22;69;90;858
8;66;11;21.9;69;90;859
5;6;9;21.8;69;91;860
5;5;6;21.8;69;91;861
6;66;11;21.8;69;90;862
4;6;9;21.8;69;90;863
4;6;10;21.8;69;91;864
5;66;11;21.8;69;90;865
7;8;11;21.4;72;89;866
8;8;12;21.8;69;90;867
8;8;11;21.8;69;90;868
8;8;10;21.8;69;90;869
6;6;10;21.8;69;90;870
6;6;10;21.8;69;89;871
5;7;12;21.8;69;90;872
8;8;12;21.4;72;89;873
8;8;12;21.8;69;89;874
7;7;11;21.8;70;89;875
5;7;12;21.8;70;88;876
6;8;11;21.8;70;88;877
7;7;11;21.8;70;89;878
7;8;15;21.8;70;88;879
6;8;11;21.8;70;88;880
8;8;11;21.8;70;87;881
8;8;11;21.8;70;88;882
6;8;11;21.8;70;88;883
7;9;11;21.4;72;88;884
28;7;8;21.8;70;88;885
6;8;11;21.8;70;88;886
8;8;12;21.8;70;88;887
28;6;7;21.8;70;87;888
6;8;11;21.8;70;87;889
6;8;13;21.8;70;88;890
28;6;7;21.8;70;88;891
6;8;11;21.8;70;89;892
9;9;15;21.8;70;88;893
28;7;9;21.8;70;88;894
6;8;11;21.8;70;88;895
6;8;11;21.8;70;88;896
28;7;7;21.8;70;89;897
6;8;11;21.8;70;88;898
6;8;12;21.8;70;88;899
28;6;8;21.8;70;90;900
6;8;11;21.8;70;88;901
8;8;10;21.8;70;88;902
28;7;7;21.8;70;88;903
6;8;11;21.8;70;89;904
6;8;11;21.8;70;89;905
28;8;9;21.8;70;88;906
6;8;11;21.8;70;88;907
8;8;13;21.8;70;88;908
28;8;8;21.8;70;89;909
6;8;11;21.8;70;89;910
7;8;12;21.8;70;88;911
28;7;9;21.8;70;87;912
6;8;11;21.8;70;88;913
9;9;14;21.8;70;88;914
28;7;9;21.8;70;88;915
6;8;11;21.8;70;88;916
9;9;14;21.8;70;89;917
28;9;9;21.8;70;88;918
6;8;11;21.8;70;89;919
8;8;14;21.8;70;88;920
28;5;7;21.4;72;89;921
6;8;11;21.8;70;88;922
8;8;9;21.8;70;90;923
28;6;8;21.8;70;89;924
6;8;10;21.8;70;90;925
9;9;14;21.8;70;89;926
28;5;7;21.8;70;88;927
8;8;13;21.8;70;88;928
9;9;11;21.8;70;89;929
28;7;9;21.8;70;89;930
7;9;18;21.8;70;88;931
8;10;16;21.8;70;89;932
28;6;8;21.8;70;89;933
6;8;12;21.8;70;89;934
8;9;14;21.8;70;89;935
28;9;9;21.8;70;89;936
9;9;17;21.8;70;90;937
9;9;15;21.8;70;89;938
28;7;9;21.8;70;88;939
7;9;15;21.8;70;88;940
8;8;12;21.8;70;89;941
28;8;8;21.8;70;89;942
6;8;12;21.8;70;89;943
8;9;14;21.8;70;89;944
28;8;9;21.8;70;89;945
8;9;15;21.8;70;90;946
9;9;12;21.8;70;89;947
28;8;10;21.8;70;89;948
9;10;16;21.8;70;90;949
8;9;19;21.8;70;89;950
28;8;10;21.8;70;90;951
8;10;16;21.8;70;90;952
7;9;13;21.8;70;89;953
28;10;11;21.8;70;90;954
10;11;18;21.8;70;90;955
7;9;16;21.8;70;89;956
28;7;7;21.8;70;88;957
5;7;12;21.8;70;89;958
6;8;13;21.8;70;89;959
28;9;9;21.8;70;90;960
9;9;12;21.8;70;89;961
7;9;15;21.8;70;90;962
28;6;8;21.8;70;90;963
6;8;17;21.8;70;89;964
8;8;13;21.8;70;89;965
28;7;9;21.8;70;89;966
7;9;15;21.8;70;89;967
7;9;15;21.8;70;90;968
28;5;7;21.8;70;89;969
5;7;12;21.8;70;89;970
8;8;12;21.8;70;89;971
28;8;8;21.8;70;90;972
6;8;12;21.8;70;88;973
7;9;15;21.8;70;89;974
28;7;9;21.4;72;90;975
9;9;11;21.8;70;89;976
8;10;13;21.8;70;89;977
28;5;7;21.8;70;89;978
6;8;28;21.8;70;89;979
5;7;8;21.8;70;89;980
28;10;10;21.8;70;89;981
10;8;28;21.8;70;89;982
9;9;12;21.8;70;89;983
28;8;9;21.6;70;89;984
7;8;28;21.5;70;89;985
8;8;14;21.5;70;89;986
28;8;8;21.5;70;89;987
7;8;28;21.4;70;89;988
8;8;13;21.4;70;89;989
28;6;8;21.4;70;89;990
6;8;28;21.4;70;89;991
6;8;16;21.4;70;88;992
28;7;9;21.4;70;88;993
7;8;28;21.4;70;88;994
8;10;15;21.4;70;87;995
28;8;8;21.4;70;88;996
6;8;28;21.4;70;88;997
10;10;18;21.4;70;88;998
28;9;9;21.4;70;87;999
9;8;28;21.4;70;87;1000
7;9;15;21.4;70;87;1001
28;7;9;21.4;70;86;1002
7;8;28;21.4;70;87;1003
8;8;13;21.4;70;86;1004
28;7;9;21.4;70;86;1005
7;8;28;21.4;70;87;1006
6;8;10;21.4;70;86;1007
28;6;8;21.4;72;86;1008
6;8;28;21.4;70;87;1009
8;8;14;21.4;70;87;1010
28;8;10;21.4;70;86;1011
8;10;13;21.4;70;86;1012
8;8;12;21.4;70;86;1013
28;11;11;21.4;70;87;1014
9;11;15;21.4;70;87;1015
9;9;17;21.4;70;87;1016
28;9;10;21.4;70;87;1017
8;10;17;21.4;70;87;1018
6;8;13;21.4;70;86;1019
28;7;9;21.4;70;87;1020
7;9;13;21.4;70;86;1021
11;11;16;21.4;70;86;1022
28;8;10;21.4;70;86;1023
10;10;15;21.4;70;86;1024
9;9;13;21.4;70;86;1025
28;9;10;21.4;70;87;1026
10;10;17;21.4;70;87;1027
10;11;19;21.4;70;87;1028
28;10;10;21.4;70;87;1029
10;10;15;21.4;70;88;1030
7;8;15;21.4;70;87;1031
28;8;10;21.4;70;88;1032
8;10;15;21.4;70;88;1033
9;11;20;21.4;70;88;1034
28;8;8;21.4;70;88;1035
6;8;17;21.4;70;87;1036
11;11;14;21.4;70;88;1037
28;11;12;21.4;70;88;1038
11;12;22;21.4;70;89;1039
9;11;15;21.4;72;88;1040
28;9;9;21.4;70;88;1041
8;8;13;21.4;70;88;1042
6;8;15;21.4;70;89;1043
8;10;14;21.4;70;88;1044
7;9;14;21.4;70;88;1045
7;9;13;21.4;70;89;1046
11;11;17;21.4;70;88;1047
10;11;15;21.4;70;89;1048
9;11;16;21.4;70;89;1049
7;9;16;21.4;70;89;1050
7;9;14;21.4;72;89;1051
10;10;15;21.4;70;90;1052
28;10;11;21.4;70;89;1053
8;10;15;21.4;70;89;1054
8;10;15;21.4;70;89;1055
28;10;11;21.4;70;89;1056
6;8;11;21.4;70;90;1057
9;9;12;21.4;70;89;1058
6;8;11;21.4;70;89;1059
6;8;11;21.4;70;89;1060
7;9;13;21.4;70;89;1061
6;8;11;21.4;72;89;1062
6;8;11;21.4;70;89;1063
9;9;14;21.4;70;89;1064
6;8;11;21.4;70;89;1065
11;11;16;21.4;70;90;1066
10;10;15;21.4;70;90;1067
6;8;11;21.4;70;90;1068
8;10;15;21.4;70;89;1069
7;9;16;21.4;70;89;1070
6;8;11;21.4;70;90;1071
9;11;13;21.4;70;90;1072
8;10;17;21.4;70;90;1073
6;8;11;21.4;70;90;1074
9;10;16;21.4;70;89;1075
8;8;12;21.4;70;90;1076
6;8;11;21.4;70;90;1077
10;10;13;21.4;70;89;1078
9;9;16;21.4;70;90;1079
6;8;11;21.4;70;90;1080
8;10;18;21.4;70;90;1081
9;9;13;21.4;70;90;1082
6;8;11;21.4;70;90;1083
7;9;16;21.4;70;90;1084
8;10;17;21.4;70;90;1085
6;8;11;21.4;70;91;1086
7;9;18;21.4;70;90;1087
8;10;17;21.4;70;90;1088
6;8;11;21.4;70;90;1089
8;10;13;21.4;70;90;1090
9;11;22;21.4;70;90;1091
6;8;11;21.4;70;91;1092
10;11;13;21.4;71;90;1093
8;10;15;21.4;71;90;1094
6;8;11;21.4;71;89;1095
10;11;17;21.4;70;90;1096
7;9;14;21.4;70;90;1097
6;8;11;21.4;70;91;1098
10;10;17;21.4;71;90;1099
11;11;17;21.4;71;91;1100
6;8;11;21.4;71;90;1101
9;10;18;21.4;71;90;1102
9;9;13;21.4;71;90;1103
6;8;11;21.4;71;91;1104
9;9;13;21.4;71;90;1105
10;10;16;21.4;71;90;1106
6;8;11;21.4;71;90;1107
5;7;11;21.4;71;90;1108
8;10;16;21.4;71;90;1109
6;8;11;21.4;71;90;1110
10;11;15;21.4;71;89;1111
9;9;16;21.4;71;89;1112
6;8;11;21.4;71;89;1113
9;11;15;21.4;71;88;1114
9;9;16;21.4;71;88;1115
6;8;11;21.4;71;88;1116
6;8;13;21.4;71;89;1117
8;10;16;21.4;71;89;1118
6;8;11;21.4;71;89;1119
7;8;13;21.4;71;90;1120
10;11;19;21.4;71;88;1121
6;8;11;21.4;71;90;1122
9;9;13;21.4;71;89;1123
8;10;15;21.4;71;88;1124
6;8;11;21.4;71;88;1125
10;11;21;21.4;71;88;1126
7;9;16;21.4;71;88;1127
6;8;11;21.4;71;88;1128
6;8;13;21.4;71;88;1129
8;9;11;21.4;71;87;1130
6;8;11;21.4;71;88;1131
7;9;15;21.4;71;86;1132
7;9;12;21.4;71;87;1133
6;8;11;21.4;71;88;1134
6;8;14;21.4;71;88;1135
6;8;13;21.4;71;87;1136
6;8;11;21.4;71;88;1137
6;8;14;21.4;71;87;1138
9;9;15;21.4;71;87;1139
6;8;11;21.4;71;87;1140
9;9;17;21.4;71;88;1141
7;9;13;21.4;71;88;1142
6;8;11;21.4;71;89;1143
10;11;20;21.4;71;89;1144
8;10;17;21.4;72;88;1145
6;8;11;21.4;72;88;1146
7;9;13;21.4;72;88;1147
8;9;12;21.4;72;88;1148
6;8;11;21.4;72;87;1149
7;9;14;21.4;72;87;1150
11;11;21;21.4;72;87;1151
6;8;11;21.4;72;88;1152
7;9;14;21.4;72;87;1153
8;8;13;21.4;72;87;1154
6;8;11;21.4;72;89;1155
10;10;18;21.4;72;88;1156
8;10;11;21.4;72;89;1157
6;8;11;21.4;72;89;1158
7;9;14;21.4;72;89;1159
6;8;14;21.4;72;90;1160
6;8;11;21.4;72;89;1161
6;8;10;21.4;72;88;1162
8;8;15;21.4;72;88;1163
6;8;11;21.4;72;87;1164
10;10;13;21.4;72;88;1165
6;8;13;21.4;72;88;1166
6;8;11;21.4;72;88;1167
9;9;14;21.4;72;89;1168
7;9;13;21.4;72;88;1169
6;8;11;21.4;72;89;1170
9;8;28;21.4;72;89;1171
8;10;17;21.4;72;88;1172
6;8;11;21.4;72;88;1173
9;8;28;21.4;72;90;1174
7;9;16;21.4;72;90;1175
6;8;11;21.4;72;91;1176
6;8;28;21.4;72;90;1177
6;8;14;21.4;72;91;1178
6;8;11;21.4;72;92;1179
6;8;28;21.4;72;91;1180
8;10;15;21.4;72;91;1181
6;8;11;21.4;72;92;1182
8;8;28;21.4;72;91;1183
8;9;12;21.4;72;92;1184
6;8;11;21.4;72;90;1185
7;8;28;21.4;72;92;1186
10;11;16;21.4;72;93;1187
6;8;11;21.4;72;92;1188
8;8;28;21.4;72;93;1189
10;11;19;21.4;72;92;1190
6;8;11;21.4;73;93;1191
6;8;28;21.4;73;94;1192
5;7;14;21.4;73;94;1193
6;8;11;21.4;73;93;1194
8;8;28;21.4;73;94;1195
8;8;11;21.4;73;95;1196
6;8;11;21.4;73;93;1197
6;8;28;21.4;73;94;1198
9;9;15;21.4;73;95;1199
6;8;11;21.4;72;94;1200
7;8;28;21.4;73;93;1201
6;8;10;21.4;73;94;1202
6;8;11;21.4;73;94;1203
8;8;14;21.4;73;94;1204
6;8;10;21.4;73;94;1205
6;8;11;21.4;73;92;1206
8;8;11;21.4;73;93;1207
6;8;13;21.4;73;94;1208
6;8;11;21.4;73;93;1209
5;7;12;21.4;72;94;1210
6;6;11;21.4;72;93;1211
6;8;11;21.4;72;92;1212
5;5;9;21.4;72;93;1213
6;6;9;21.4;72;92;1214
6;8;11;21.4;72;93;1215
7;7;11;21.4;72;93;1216
7;7;9;21.4;72;92;1217
6;8;11;21.4;72;92;1218
7;8;13;21.4;72;92;1219
7;7;12;21.4;72;91;1220
6;8;11;21.4;72;92;1221
7;8;13;21.4;72;90;1222
7;7;12;21.4;72;92;1223
6;8;11;21.4;72;92;1224
6;7;15;21.4;72;91;1225
7;7;12;21.4;72;91;1226
6;8;11;21.4;72;91;1227
7;8;13;21.4;72;91;1228
6;8;13;21.4;72;91;1229
6;6;8;21.4;72;90;1230
6;6;10;21.4;72;91;1231
5;5;8;21.4;72;91;1232
6;6;11;21.4;72;90;1233
6;6;11;21.5;72;90;1234
5;6;11;21.4;72;90;1235
6;6;8;21.7;72;90;1236
5;6;10;21.8;72;91;1237
6;6;9;21.8;72;90;1238
5;5;7;21.8;72;91;1239
6;6;10;21.8;72;89;1240
6;6;10;21.8;72;89;1241
3;3;6;21.8;72;90;1242
3;5;10;21.8;72;91;1243
6;6;11;21.8;72;90;1244
3;5;6;21.8;72;90;1245
3;4;8;21.8;72;89;1246
3;3;6;21.8;72;90;1247
5;5;8;21.8;72;90;1248
1;3;5;21.8;72;88;1249
2;4;5;21.8;72;90;1250
3;4;7;21.8;72;90;1251
5;5;9;21.8;72;89;1252
5;6;10;21.8;72;89;1253
3;3;6;21.8;72;89;1254
5;5;7;21.8;72;88;1255
4;5;7;21.8;72;89;1256
4;4;5;21.8;72;89;1257
3;4;7;21.8;72;88;1258
4;4;6;21.8;72;89;1259
2;4;6;21.8;72;89;1260
5;5;9;21.8;72;89;1261
4;5;10;21.8;72;88;1262
4;4;6;21.8;72;87;1263
5;5;8;21.8;72;85;1264
5;5;7;21.8;72;86;1265
3;3;4;21.8;72;86;1266
2;4;6;21.8;72;86;1267
2;4;6;21.8;72;86;1268
1;3;5;21.8;72;87;1269
4;4;7;21.8;72;87;1270
4;4;7;21.8;72;87;1271
1;3;4;21.8;72;88;1272
1;3;7;21.8;72;88;1273
1;3;8;21.8;72;89;1274
3;3;5;21.8;72;89;1275
1;3;4;21.8;72;87;1276
1;3;5;21.8;72;88;1277
3;3;6;21.8;72;88;1278
1;3;4;21.8;72;88;1279
1;3;4;21.8;72;87;1280
2;4;6;21.8;72;87;1281
4;4;7;21.8;72;87;1282
0;0;0;0;0;0;99999
