16;11;2024;01;00;0;99999
0;0;0;20.6;76;80;1
1;1;2;20.6;75;79;2
4;5;9;20.6;75;79;3
4;5;9;21;74;81;4
4;5;8;21;74;81;5
4;5;10;21;74;81;6
5;6;7;21;74;81;7
5;6;8;21;74;81;8
3;3;3;21;74;80;9
4;4;6;21;74;80;10
4;4;6;21.4;74;81;11
1;3;6;21.4;73;81;12
4;4;6;21.4;73;81;13
4;4;5;21.4;73;80;14
4;4;6;21.4;73;81;15
2;3;8;21.4;73;81;16
2;3;6;21.4;73;81;17
1;3;4;21.4;69;82;18
28;1;3;21.8;73;83;19
4;4;7;21.8;73;81;20
6;512;512;21.8;73;82;21
28;2;2;21.8;73;84;22
1;2;4;21.8;73;84;23
6;768;768;21.8;73;84;24
28;2;2;21.8;73;84;25
2;2;4;21.9;73;84;26
6;512;768;22.2;73;85;27
28;2;2;22.2;73;83;28
3;3;5;22.2;73;82;29
6;512;512;22.2;73;81;30
28;2;2;22.2;72;78;31
2;2;5;22.2;72;78;32
6;256;256;22.2;71;80;33
28;2;2;22.2;71;78;34
2;2;3;22.2;71;78;35
6;768;768;22.2;71;81;36
28;3;4;22.2;71;82;37
4;4;7;22.3;71;82;38
6;768;768;22.6;71;79;39
28;2;2;22.6;71;79;40
2;2;5;22.6;71;81;41
6;512;768;22.6;71;79;42
28;4;4;22.6;71;79;43
4;4;6;22.6;71;81;44
6;512;768;22.6;71;80;45
28;1;3;22.6;71;80;46
3;3;3;22.6;71;79;47
6;512;512;22.6;71;80;48
28;2;2;22.6;71;82;49
2;2;4;22.6;71;82;50
6;768;768;22.6;72;81;51
28;2;2;22.6;71;80;52
2;2;3;22.6;71;81;53
6;512;512;22.6;71;82;54
28;2;2;22.6;71;83;55
2;2;2;22.6;72;83;56
6;512;512;22.6;72;84;57
28;4;4;23;72;84;58
3;4;6;23;72;83;59
6;512;512;23;72;82;60
28;3;3;23;72;84;61
3;3;4;23;72;84;62
6;512;512;23;72;85;63
28;2;2;23;72;87;64
2;2;5;23;73;87;65
6;8;13;23;73;87;66
28;3;4;23;73;88;67
3;3;5;23;73;87;68
6;768;768;21.4;69;88;69
28;2;66;23;73;86;70
1;3;5;23;73;87;71
6;8;13;23;73;87;72
3;4;66;23;73;84;73
3;3;6;23;73;85;74
6;512;768;23;73;88;75
3;3;66;23;73;88;76
3;3;3;23.1;74;90;77
6;8;13;23.4;74;89;78
5;5;66;23.4;75;88;79
3;4;5;23.4;76;89;80
6;512;768;23.4;76;88;81
2;3;66;23.4;76;89;82
4;5;8;23.4;76;87;83
6;768;768;23.4;76;88;84
1;3;66;23.4;77;88;85
3;3;5;23.4;77;86;86
6;8;13;23.4;77;86;87
3;4;66;23.4;77;87;88
5;5;7;21.4;69;87;89
6;8;13;23.4;77;88;90
6;8;13;23.4;77;88;91
9;9;15;23.4;77;89;92
8;8;11;23.4;78;90;93
9;11;13;23.4;79;91;94
11;11;12;23.6;79;91;95
11;13;22;23.8;79;91;96
13;14;21;23.8;80;91;97
14;14;21;23.8;80;91;98
11;13;18;23.8;80;90;99
12;13;17;23.8;80;90;100
13;13;18;23.8;80;90;101
11;12;18;21.4;69;90;102
66;8;13;23.8;80;90;103
11;11;15;23.8;80;90;104
8;9;18;23.8;80;89;105
66;8;13;23.8;80;90;106
9;9;13;21.4;69;89;107
6;8;14;23.8;79;89;108
7;7;11;23.8;79;90;109
5;7;13;23.8;79;89;110
10;10;15;23.8;79;91;111
7;9;17;21.4;69;91;112
7;9;17;23.8;78;92;113
66;8;13;23.8;78;90;114
8;9;16;23.8;78;91;115
9;9;15;23.8;78;92;116
66;8;13;23.8;78;90;117
7;8;14;23.8;78;88;118
5;6;10;23.8;78;92;119
6;8;13;23.8;79;91;120
5;7;11;23.8;79;92;121
7;7;12;23.8;79;89;122
6;8;13;23.8;79;90;123
4;6;10;23.8;79;91;124
5;7;11;23.8;79;91;125
6;8;13;23.8;79;93;126
8;8;15;23.8;80;93;127
10;10;16;23.8;81;93;128
6;8;13;23.8;81;94;129
8;8;18;23.8;81;93;130
6;6;10;23.8;81;93;131
6;8;13;23.8;81;92;132
6;7;13;21.4;69;93;133
5;6;12;23.8;81;93;134
6;6;10;23.8;81;93;135
5;6;11;23.8;81;93;136
6;8;13;23.8;81;92;137
7;9;13;23.8;81;94;138
7;9;13;23.8;81;93;139
6;8;13;23.8;81;94;140
18;20;35;23.8;81;95;141
18;20;34;23.8;81;95;142
6;8;13;23.8;81;96;143
32;38;63;23.8;81;96;144
32;38;62;23.8;81;96;145
6;8;13;23.8;81;96;146
24;27;45;23.8;81;95;147
27;27;47;23.8;81;94;148
6;8;13;23.8;80;94;149
17;22;38;23.9;80;93;150
16;22;38;24.1;80;92;151
6;8;13;24.1;79;93;152
18;20;32;24.1;79;95;153
20;20;32;24.1;79;96;154
6;8;13;24.1;79;96;155
17;19;34;24.1;78;97;156
16;19;32;24.1;78;94;157
6;8;13;24.1;78;96;158
18;20;39;24.1;78;93;159
20;20;40;21.4;69;93;160
6;8;13;24.1;78;92;161
16;17;32;24.1;77;94;162
17;17;30;21.4;69;94;163
6;8;13;24.1;77;95;164
17;20;35;24.1;77;91;165
17;20;35;24.1;77;94;166
6;8;13;24.1;77;92;167
13;16;28;24.1;77;93;168
13;16;28;24.1;77;94;169
6;8;13;24.1;77;93;170
13;16;30;24.1;77;93;171
13;16;29;24.1;77;94;172
6;8;13;24.1;77;94;173
16;16;24;24.1;77;95;174
15;16;23;24.1;77;93;175
6;8;13;24.1;77;95;176
17;17;29;24.1;77;93;177
17;17;27;24.1;77;96;178
6;8;13;24.1;77;95;179
16;16;26;24.1;77;94;180
16;16;26;24.1;77;94;181
6;8;13;24.1;77;94;182
12;14;22;24.1;77;95;183
12;14;23;24.1;77;94;184
6;8;13;24.1;77;94;185
14;14;21;24.1;77;95;186
14;14;21;24.1;77;94;187
6;8;13;24.1;77;94;188
10;11;24;24.1;77;94;189
10;11;23;24.1;76;95;190
6;8;13;24.1;76;95;191
10;13;25;21.4;69;93;192
11;13;24;24.1;76;93;193
9;11;19;24.1;76;92;194
8;8;14;24.1;76;93;195
8;8;13;24.1;75;94;196
7;9;13;24.1;75;94;197
8;8;14;24.1;75;93;198
8;8;15;24.1;75;93;199
8;9;14;24.1;75;95;200
8;10;17;24.1;75;96;201
8;10;16;24.1;75;94;202
9;11;17;24.1;75;95;203
8;9;14;24.1;75;96;204
8;9;14;24.1;75;96;205
8;11;17;24.1;75;94;206
9;9;16;24.1;75;94;207
9;9;15;24.1;75;94;208
7;9;14;24.1;75;95;209
8;10;18;24.1;74;95;210
8;10;19;24.1;75;95;211
7;9;19;24.1;75;96;212
6;8;14;24.1;75;94;213
7;9;16;24.1;75;95;214
7;7;14;24.1;75;94;215
7;7;12;24.1;74;94;216
7;7;12;24.1;74;95;217
6;7;13;24.1;74;94;218
7;8;13;24.1;74;94;219
7;8;13;24.1;74;95;220
8;8;11;21.4;69;94;221
8;8;12;24.1;74;93;222
6;8;13;24.1;73;95;223
7;7;15;24.1;73;96;224
5;6;11;24.1;74;97;225
6;8;13;24.1;74;100;226
7;8;16;24.1;74;102;227
7;8;14;24.1;74;103;228
6;8;13;24.1;74;103;229
6;6;11;24.1;74;103;230
6;8;13;24.1;74;102;231
6;8;13;24.1;74;100;232
6;6;9;24.1;74;100;233
5;6;12;24.1;74;100;234
6;8;13;24.1;74;99;235
7;7;12;24.1;74;99;236
4;5;7;24.1;74;100;237
6;8;13;24.1;75;99;238
7;7;11;24.1;75;98;239
5;6;11;24.1;75;99;240
6;8;13;24.1;74;99;241
4;6;10;24.1;74;98;242
6;6;8;24.1;74;99;243
6;8;13;24.1;74;99;244
4;5;9;24.1;74;98;245
3;5;6;24.1;74;98;246
6;8;13;24.1;74;99;247
6;6;11;24.1;74;98;248
5;6;11;24.1;73;98;249
6;8;13;24.1;73;99;250
5;5;10;24.1;73;99;251
2;4;6;24.1;73;99;252
6;8;13;24.1;73;99;253
5;6;11;24.1;73;99;254
6;6;11;24.1;73;100;255
6;8;13;24.1;73;98;256
4;4;8;24.1;73;98;257
5;5;10;24.1;73;98;258
6;8;13;24.1;73;98;259
2;4;6;24.1;73;98;260
4;5;9;24.1;73;97;261
6;28;4;24.1;73;98;262
4;4;6;24.1;73;96;263
5;6;10;24.1;73;98;264
6;28;3;24.1;73;97;265
3;3;5;24.1;73;97;266
4;5;11;24.1;73;96;267
6;28;1;24.1;73;98;268
4;4;7;24.1;73;99;269
3;3;7;24.1;73;98;270
6;28;2;24.1;73;99;271
2;2;2;21.4;69;99;272
3;4;5;24.1;73;99;273
3;4;7;24.1;73;99;274
4;4;7;24.1;73;99;275
6;28;1;24.1;73;99;276
3;3;4;24.1;73;98;277
2;4;5;24.1;73;99;278
6;28;3;24.1;73;99;279
3;3;8;24.1;73;99;280
4;4;6;24.1;73;99;281
6;28;4;24.1;73;97;282
4;4;5;24.1;73;98;283
2;2;3;24.1;73;99;284
6;28;1;24.1;73;98;285
2;4;5;24.1;73;98;286
2;2;3;24.1;73;98;287
6;28;2;21.4;69;100;288
2;2;5;24.1;73;99;289
1;3;5;24.1;73;99;290
6;28;4;24.1;73;99;291
6;512;512;24.1;73;100;292
2;2;3;24.1;73;100;293
6;28;3;24.1;73;100;294
6;256;768;24.1;73;99;295
3;3;4;24.1;73;100;296
6;28;1;24.1;72;100;297
6;512;512;24.1;72;99;298
2;2;4;24.1;72;98;299
6;28;2;24.1;72;99;300
6;768;768;24.1;72;99;301
3;3;6;24.1;72;98;302
6;28;2;24.1;72;98;303
6;768;768;24.1;72;99;304
3;3;4;24.1;72;99;305
6;28;2;24.1;72;99;306
6;768;768;24.1;72;100;307
3;3;7;24.1;72;100;308
6;28;1;24.1;72;100;309
6;512;768;24.1;72;100;310
2;3;5;24.1;72;100;311
6;28;2;24.2;72;100;312
6;512;512;24.5;72;100;313
2;2;4;24.5;72;100;314
6;28;2;24.5;72;100;315
6;256;256;24.5;71;100;316
1;1;2;24.5;71;100;317
6;28;3;24.5;71;100;318
6;512;768;24.5;71;99;319
2;3;4;24.5;71;99;320
6;28;3;24.5;71;100;321
6;512;512;24.5;71;99;322
2;2;4;24.5;71;99;323
6;28;1;24.5;71;100;324
6;512;512;24.5;71;100;325
2;2;3;24.5;71;100;326
6;28;3;24.5;71;99;327
6;512;512;24.5;71;99;328
2;2;3;24.5;71;99;329
6;28;2;24.5;71;99;330
6;256;256;24.5;71;99;331
1;1;1;24.5;71;99;332
6;28;1;24.5;71;100;333
6;512;512;24.5;71;100;334
2;2;4;24.5;71;101;335
6;28;2;24.5;71;100;336
6;512;512;24.5;71;99;337
2;2;4;24.5;71;100;338
6;28;1;24.5;71;99;339
6;256;256;24.5;71;99;340
1;1;1;24.5;71;98;341
6;28;1;24.5;71;99;342
6;512;512;24.5;70;98;343
2;2;3;24.5;70;98;344
6;28;1;24.5;70;99;345
6;256;768;24.5;71;99;346
1;3;5;24.8;71;99;347
6;28;2;24.8;71;98;348
6;512;512;24.8;71;98;349
2;2;4;24.8;71;98;350
6;28;1;24.8;71;97;351
6;768;768;24.8;71;97;352
3;3;6;24.8;70;97;353
6;28;2;21.4;69;98;354
6;256;512;24.8;70;98;355
6;28;2;24.8;70;97;356
6;28;3;24.8;70;98;357
3;3;4;24.8;70;98;358
6;28;1;24.8;70;97;359
6;28;1;24.8;70;97;360
1;2;3;24.8;70;97;361
6;28;1;24.8;70;98;362
6;28;1;24.8;70;97;363
1;2;4;24.8;70;98;364
6;28;2;24.8;70;98;365
6;28;1;24.8;70;99;366
1;1;2;24.8;70;98;367
6;28;1;24.8;70;98;368
6;28;2;24.8;70;99;369
2;2;3;24.8;70;98;370
6;28;1;24.8;69;98;371
6;28;3;24.8;69;99;372
3;3;3;24.9;69;98;373
6;28;2;25.3;69;99;374
6;28;1;25.3;70;98;375
1;1;3;25.3;69;98;376
6;28;2;25.3;69;98;377
6;28;3;25.3;69;99;378
1;3;3;25.3;69;98;379
6;28;2;25.3;69;99;380
6;28;3;25.3;69;99;381
3;3;6;25.3;69;99;382
6;28;2;25.3;69;100;383
6;28;2;25.3;69;99;384
2;2;7;25.3;69;99;385
6;28;1;25.3;69;99;386
6;28;2;24.9;69;99;387
1;2;4;24.8;69;98;388
6;28;1;24.8;69;98;389
6;28;1;24.8;69;99;390
1;1;3;24.8;69;98;391
6;28;0;24.8;69;98;392
6;28;2;24.8;69;98;393
2;2;3;24.8;69;98;394
6;28;2;24.8;69;98;395
6;28;2;24.8;69;98;396
1;1;2;24.8;69;97;397
6;28;1;24.6;69;98;398
6;28;1;24.5;69;98;399
1;1;1;24.5;69;97;400
6;28;1;24.5;69;96;401
6;28;1;24.5;69;98;402
1;1;4;24.5;69;97;403
6;28;2;24.5;69;97;404
6;28;2;24.5;69;97;405
2;2;3;24.5;69;97;406
6;28;0;24.5;69;97;407
6;28;1;24.5;69;97;408
1;1;1;24.5;69;97;409
6;28;1;24.5;69;97;410
6;28;2;24.4;69;97;411
2;2;3;24.1;70;97;412
6;28;1;24.1;70;98;413
6;28;1;24.1;70;98;414
2;2;3;24.1;70;98;415
6;28;1;24.1;70;99;416
6;28;2;24.1;70;99;417
2;2;3;24.1;70;99;418
6;28;1;24.1;70;99;419
6;28;0;24.1;70;99;420
0;0;0;24.1;70;99;421
6;28;1;24.1;70;100;422
6;28;1;24.1;70;99;423
1;1;1;24.1;71;100;424
6;28;2;24.1;71;100;425
6;28;1;24.1;71;100;426
1;1;2;24.1;71;101;427
6;28;1;24.1;71;100;428
6;28;1;24.1;71;101;429
1;1;1;24.1;71;102;430
6;28;1;24.1;71;101;431
6;28;1;24.1;71;101;432
1;1;1;24.1;72;101;433
6;28;1;24.1;72;101;434
6;28;1;24.1;72;100;435
1;1;1;24.1;72;100;436
6;28;2;23.9;72;100;437
6;28;2;23.8;73;100;438
2;2;3;23.8;73;100;439
6;28;2;23.8;73;100;440
6;28;3;23.8;73;99;441
3;3;5;23.8;73;100;442
6;28;2;23.8;73;98;443
6;28;3;23.8;73;95;444
3;3;3;23.8;73;94;445
6;28;3;23.8;73;97;446
6;28;2;23.8;73;98;447
2;2;4;23.8;73;96;448
6;28;2;23.8;73;96;449
6;28;2;23.8;73;95;450
2;3;5;23.8;73;96;451
6;28;3;23.8;73;95;452
6;28;2;23.8;73;96;453
2;3;4;23.8;73;95;454
6;28;4;23.8;73;94;455
6;28;3;23.8;73;95;456
3;3;3;23.8;73;95;457
6;28;4;23.8;73;97;458
6;28;4;23.8;73;94;459
4;4;7;23.8;73;93;460
6;28;4;23.8;73;92;461
6;28;3;23.8;73;96;462
1;3;6;23.8;73;95;463
6;28;4;23.8;73;97;464
6;28;5;23.8;73;97;465
4;5;6;23.8;73;97;466
6;28;4;23.8;73;95;467
6;28;5;23.8;73;96;468
5;5;8;23.8;73;94;469
6;28;5;21.4;69;98;470
6;28;5;23.8;73;98;471
6;8;512;23.8;73;97;472
6;28;6;23.8;73;97;473
6;6;9;23.8;73;95;474
6;8;13;23.8;73;94;475
6;28;5;23.8;73;95;476
4;5;9;23.8;73;90;477
6;8;13;23.8;73;92;478
6;28;5;23.8;73;90;479
5;5;8;24.1;73;93;480
6;8;13;24.1;73;88;481
6;28;6;24.1;73;90;482
5;6;10;24.1;73;91;483
6;8;13;24.1;73;95;484
6;28;4;24.1;73;97;485
6;6;11;24.1;73;97;486
6;8;13;24.1;73;97;487
6;28;3;24.1;73;96;488
3;5;10;24.1;73;93;489
6;8;13;24.1;73;96;490
6;28;5;24.1;73;94;491
5;5;9;24.1;73;96;492
6;8;13;21.4;69;96;493
6;28;7;24.1;73;93;494
5;7;13;24.1;73;92;495
6;8;13;24.1;73;92;496
6;6;9;24.1;73;95;497
5;7;13;24.1;73;91;498
6;8;13;24.1;73;93;499
6;7;12;24.1;73;91;500
6;8;13;24.1;73;93;501
6;8;13;24.1;72;93;502
6;8;9;24.1;72;96;503
4;6;13;21.4;69;94;504
6;8;13;24.1;72;100;505
6;8;12;24.1;73;95;506
8;8;13;24.1;73;97;507
7;7;12;24.1;73;97;508
5;7;11;24.1;73;100;509
5;7;13;24.1;73;98;510
6;8;13;21.4;69;98;511
8;8;13;24.1;73;96;512
5;6;9;24.1;73;95;513
5;6;9;24.1;73;95;514
8;8;13;24.1;73;96;515
8;8;13;24.1;73;94;516
7;8;13;24.1;73;91;517
8;8;13;21.4;69;92;518
7;66;13;24.1;73;91;519
5;7;13;24.1;73;91;520
8;8;13;24.1;72;93;521
8;66;13;24.1;73;94;522
6;8;12;24.1;73;92;523
6;8;13;24.1;73;92;524
7;66;13;24.1;73;94;525
4;6;11;24.1;73;94;526
5;7;13;24.1;73;92;527
6;66;13;24.1;73;94;528
7;9;16;24.1;73;94;529
7;9;13;24.1;73;95;530
6;66;13;24.1;73;93;531
7;8;15;24;73;93;532
8;10;13;21.4;69;90;533
8;66;13;23.8;73;90;534
7;8;13;23.8;72;91;535
9;9;13;23.8;72;91;536
6;8;13;23.8;72;91;537
8;8;13;23.8;72;91;538
8;8;13;23.8;72;89;539
6;8;11;23.8;72;93;540
6;8;13;23.8;72;90;541
9;9;13;23.8;72;90;542
9;9;13;23.8;72;91;543
8;8;13;23.8;72;91;544
6;8;13;23.8;72;91;545
8;8;13;23.8;72;90;546
6;8;13;23.8;72;93;547
6;8;13;23.8;72;92;548
8;10;13;23.8;72;92;549
8;8;13;23.8;72;94;550
7;9;13;23.8;72;95;551
8;9;15;23.8;72;92;552
7;7;13;24.1;72;93;553
8;8;13;24.1;72;91;554
7;7;9;24.1;71;94;555
6;8;13;24.1;72;94;556
7;9;13;24.1;72;95;557
7;7;12;24.1;72;96;558
8;8;13;24.1;72;94;559
9;9;13;24.1;72;96;560
7;9;16;24.1;72;96;561
7;9;13;24.1;72;93;562
6;8;13;24.1;72;92;563
6;8;10;23.8;71;97;564
7;8;13;23.9;72;96;565
8;10;13;23.8;71;96;566
7;7;12;23.8;71;96;567
6;8;13;23.8;71;96;568
9;9;13;23.8;71;96;569
8;8;10;23.8;71;95;570
8;8;13;23.8;71;96;571
8;8;13;23.8;72;95;572
6;8;10;23.8;72;94;573
8;8;13;23.8;72;96;574
5;7;13;23.8;72;96;575
7;8;14;23.8;72;96;576
8;8;13;23.8;72;95;577
6;7;13;23.8;72;94;578
5;7;11;23.8;72;96;579
6;8;13;23.8;71;94;580
7;7;13;23.8;71;95;581
8;8;12;23.8;72;95;582
5;7;13;23.8;71;94;583
6;7;13;23.8;71;96;584
6;8;14;23.8;71;95;585
5;7;13;23.8;71;93;586
7;9;13;23.8;71;96;587
6;7;12;23.8;71;94;588
5;7;13;23.8;71;94;589
6;7;13;23.8;71;94;590
8;8;11;23.8;71;96;591
8;8;13;23.8;71;99;592
8;8;13;23.8;71;99;593
6;8;13;23.8;71;98;594
7;7;13;23.8;71;101;595
6;8;13;23.8;71;100;596
6;8;13;23.8;71;101;597
7;7;13;23.8;71;99;598
5;7;13;23.8;71;98;599
7;7;11;23.8;71;95;600
9;9;13;23.8;71;96;601
8;10;13;23.8;71;94;602
6;8;13;23.8;71;95;603
6;8;13;23.8;71;96;604
5;7;13;23.8;71;95;605
6;8;13;23.8;71;95;606
6;8;13;23.8;71;97;607
6;7;13;23.8;71;95;608
7;7;11;23.8;71;94;609
7;7;13;23.8;71;97;610
7;7;13;23.8;71;95;611
6;6;8;23.8;71;95;612
6;7;13;23.8;71;93;613
5;5;13;23.8;71;90;614
8;8;13;23.8;71;93;615
4;6;13;23.8;71;90;616
7;7;13;23.8;71;93;617
6;8;11;23.8;71;91;618
7;7;13;23.8;71;91;619
7;7;13;23.8;71;93;620
6;8;13;23.8;71;94;621
7;8;13;23.8;71;93;622
6;8;13;23.8;71;91;623
7;8;12;23.8;71;91;624
6;8;13;23.8;71;91;625
8;8;13;23.8;71;93;626
8;8;13;23.8;71;92;627
6;7;13;23.8;71;93;628
7;8;13;23.8;71;92;629
6;8;13;23.8;71;93;630
6;6;13;23.8;71;95;631
6;8;13;23.8;71;93;632
6;8;11;23.8;71;93;633
6;6;13;23.8;71;95;634
6;6;13;23.8;71;94;635
7;7;11;23.8;71;92;636
7;7;13;23.8;71;93;637
4;6;13;23.8;71;94;638
7;7;9;23.8;71;94;639
6;6;13;23.8;71;93;640
7;7;13;23.8;71;92;641
8;8;13;23.8;71;92;642
5;6;13;23.8;71;91;643
6;8;13;23.8;71;90;644
7;9;16;23.8;71;90;645
9;9;13;23.8;70;93;646
6;8;13;23.8;70;92;647
6;8;12;23.8;70;89;648
6;6;13;23.8;70;90;649
6;6;13;23.8;70;89;650
9;9;14;23.8;70;91;651
8;8;13;23.8;70;90;652
7;7;13;23.8;70;90;653
8;8;13;23.8;70;91;654
4;4;13;23.8;70;91;655
6;6;13;23.8;70;91;656
4;6;10;23.8;70;91;657
7;7;13;23.8;70;92;658
6;6;13;23.8;70;93;659
8;8;12;23.8;70;94;660
6;8;13;23.6;70;94;661
6;8;13;23.4;71;93;662
7;9;13;23.4;71;94;663
6;8;13;23.4;71;93;664
12;12;13;23.4;71;93;665
9;12;20;23.4;71;94;666
12;12;13;23.4;71;92;667
7;9;13;23.4;71;93;668
6;8;15;23.4;71;92;669
7;9;13;23.4;71;92;670
6;8;13;23.4;71;92;671
7;9;14;23.4;70;92;672
8;8;13;23.4;70;92;673
7;9;13;23.4;70;92;674
7;9;14;23.4;70;91;675
7;7;13;23.4;70;94;676
6;8;13;23.4;70;94;677
6;8;14;23.4;70;94;678
7;8;13;23.4;71;94;679
8;8;13;23.4;71;92;680
7;8;11;23.4;70;93;681
8;8;13;23.4;70;92;682
6;8;13;23.4;70;93;683
5;7;12;23.4;70;94;684
6;8;13;23.4;71;93;685
7;7;13;23.4;71;93;686
8;8;14;23.4;71;93;687
7;9;13;23.4;71;95;688
8;8;13;23.4;71;93;689
7;7;12;23.4;71;93;690
6;7;13;23.4;71;90;691
8;8;13;23.4;70;89;692
5;7;8;23.4;70;91;693
6;8;13;23.4;70;90;694
7;7;13;23.4;70;91;695
7;7;14;23.4;70;90;696
6;8;13;23.4;70;90;697
6;8;13;23.4;70;91;698
6;6;11;23.4;70;91;699
6;8;13;23.4;70;90;700
8;8;13;23.4;70;90;701
7;7;11;23.4;70;90;702
6;8;13;23.4;70;87;703
6;8;13;23.4;70;89;704
5;7;12;23.4;70;88;705
4;6;13;23.4;70;87;706
7;8;13;23.4;70;87;707
6;7;11;23.4;70;86;708
8;8;13;23.4;70;86;709
8;8;13;23.4;70;88;710
6;8;10;23.4;70;89;711
7;7;13;23.4;70;87;712
4;6;13;23.4;70;87;713
6;8;13;23.4;70;86;714
5;7;13;23.4;70;87;715
8;8;13;23.4;70;87;716
7;8;11;23.4;70;88;717
6;8;13;23.4;70;88;718
8;8;13;23.4;70;86;719
6;8;10;23.4;70;87;720
6;8;13;23.4;70;87;721
6;8;13;23.4;69;87;722
6;8;13;23.4;69;87;723
6;7;13;23.4;69;86;724
7;8;13;23.4;69;87;725
5;7;12;23.4;69;87;726
8;8;13;23.4;69;87;727
8;8;13;21.4;69;87;728
6;6;8;23.4;69;87;729
6;7;11;23.4;69;87;730
6;6;13;23.4;69;87;731
6;6;8;23.4;69;87;732
4;6;8;23.4;69;86;733
6;8;13;23.4;69;88;734
7;7;12;23.4;69;89;735
7;7;12;23.4;69;88;736
5;5;13;23.4;69;89;737
7;7;13;23.4;69;89;738
7;7;12;23.4;69;89;739
7;8;13;23.4;69;90;740
7;8;12;23.4;69;87;741
8;8;11;23.4;69;89;742
7;7;13;21.4;69;90;743
6;8;10;23.4;69;88;744
6;8;11;23.4;69;88;745
8;8;13;23.4;69;90;746
6;8;12;23.4;69;90;747
4;5;8;23.4;69;90;748
6;6;13;23.4;69;89;749
8;8;12;21.4;69;90;750
7;7;8;23.4;69;91;751
6;6;11;23.4;69;89;752
5;6;11;23.4;69;90;753
7;7;13;23.4;69;90;754
8;8;13;23.4;69;89;755
7;8;13;23.4;69;89;756
6;6;10;23.4;69;90;757
6;8;12;23.4;69;90;758
8;8;11;23.4;69;91;759
5;7;7;23.4;69;91;760
4;6;11;23.4;69;92;761
4;6;11;23.4;69;91;762
7;8;11;23.4;69;90;763
8;8;14;23.4;69;92;764
8;8;14;23.4;69;90;765
6;7;11;23.4;69;91;766
7;7;13;23.4;69;92;767
7;7;13;23.4;69;91;768
5;7;10;23.4;69;92;769
6;6;9;23.4;69;90;770
6;6;9;23.4;69;91;771
8;8;11;23.4;69;90;772
7;8;13;23.4;69;91;773
6;7;12;23.4;69;89;774
6;6;9;23.4;69;89;775
5;7;13;23.4;69;88;776
7;7;14;23.4;69;91;777
6;7;10;23.4;69;90;778
5;7;8;23.4;69;90;779
5;7;8;23.4;69;88;780
5;6;10;23.4;69;88;781
8;8;12;23.4;69;91;782
7;7;12;23.4;69;88;783
6;7;12;23.4;69;90;784
8;8;9;23.4;69;89;785
7;7;8;23.4;69;90;786
6;6;9;23.4;69;90;787
7;7;10;23.4;69;89;788
7;7;11;23.4;69;90;789
6;6;9;23.4;69;91;790
7;7;11;23.4;69;90;791
7;7;10;23.4;69;91;792
7;7;8;23.4;69;89;793
6;7;12;23.4;69;89;794
5;6;10;23.4;69;91;795
4;6;7;23.4;69;92;796
5;5;7;23.4;69;91;797
5;5;7;21.4;69;92;798
7;7;10;23.4;69;91;799
6;6;7;23.4;69;90;800
4;6;7;23.4;69;91;801
8;8;13;23.4;69;90;802
4;6;8;23.4;68;91;803
5;7;9;23.4;69;92;804
8;8;13;23.4;69;93;805
8;8;11;23.4;69;92;806
6;8;9;23.4;69;91;807
4;6;13;23.4;69;92;808
7;7;10;23.4;69;92;809
8;8;12;23.4;69;92;810
8;9;13;23.4;69;89;811
7;8;12;23.4;69;90;812
6;6;11;23.4;69;90;813
6;7;13;23.4;69;88;814
7;7;10;23.4;69;88;815
7;7;14;23.4;69;88;816
7;8;13;23.4;69;88;817
8;8;11;23.4;69;88;818
6;7;11;23.4;69;92;819
8;8;13;23.4;69;90;820
7;7;9;23.4;69;90;821
5;7;12;23.4;69;90;822
8;8;13;23;69;91;823
6;7;12;23;69;90;824
6;7;12;23;69;89;825
3;5;13;23;69;89;826
7;9;12;23;69;90;827
6;8;12;23;69;90;828
7;8;13;23;69;90;829
6;7;12;23;69;89;830
6;8;10;23;69;87;831
8;8;13;23;69;87;832
6;6;9;23;69;87;833
8;8;12;23;69;88;834
7;8;13;23;69;88;835
7;8;10;23;69;87;836
6;7;12;23;69;88;837
8;8;13;23;69;86;838
3;5;8;23;69;87;839
4;6;6;23;69;86;840
8;8;13;23;69;87;841
6;7;10;23;69;87;842
7;7;16;21.4;69;88;843
8;8;13;23;69;87;844
7;8;12;22.7;69;88;845
6;7;10;22.6;69;87;846
6;6;9;22.6;69;88;847
4;6;9;22.6;69;89;848
6;6;10;22.6;69;89;849
5;7;8;22.6;69;88;850
7;7;12;22.6;69;88;851
7;7;11;22.6;69;86;852
8;8;12;22.6;69;87;853
7;7;9;22.6;69;88;854
7;7;10;22.6;69;89;855
8;8;12;22.6;69;88;856
6;8;12;22.6;69;88;857
6;8;12;22.6;69;89;858
6;6;9;22.6;69;89;859
4;6;9;22.6;69;90;860
7;7;10;22.6;69;87;861
2;4;9;22.6;69;88;862
6;7;12;22.6;69;88;863
6;7;12;22.6;69;89;864
6;8;12;22.6;69;88;865
7;8;14;22.6;69;87;866
7;8;14;21.4;69;88;867
3;5;10;22.6;69;89;868
5;5;9;22.6;69;89;869
5;5;9;22.6;69;89;870
3;5;7;22.6;69;88;871
3;5;7;22.6;69;87;872
4;6;8;22.6;69;88;873
7;7;13;21.4;69;89;874
7;7;11;22.6;69;87;875
4;6;9;22.6;69;88;876
4;6;10;22.6;69;88;877
6;6;8;22.6;69;88;878
3;4;8;22.6;69;89;879
4;4;7;22.6;69;88;880
7;8;11;21.4;69;88;881
5;6;8;22.6;69;87;882
5;5;7;22.6;69;88;883
5;5;7;22.6;69;89;884
5;5;6;22.6;69;88;885
7;7;10;22.6;69;87;886
7;7;9;22.6;69;87;887
6;6;10;21.4;69;89;888
6;6;8;22.6;69;88;889
6;6;9;22.6;69;88;890
6;6;8;22.5;69;89;891
5;7;10;22.4;69;88;892
7;7;15;22.3;69;90;893
8;8;14;22.3;70;89;894
3;5;7;22.2;70;87;895
5;7;10;22.2;69;88;896
5;7;8;22.2;69;88;897
5;5;7;22.2;69;87;898
4;6;10;22.2;69;88;899
6;7;11;22.2;69;88;900
5;6;10;22.2;69;87;901
6;6;9;22.2;69;88;902
6;6;9;22.2;69;88;903
3;4;5;22.2;69;88;904
6;6;13;22.2;69;89;905
6;6;13;22.2;69;89;906
4;4;8;22.2;70;87;907
4;5;8;22.2;69;88;908
4;5;8;22.2;69;88;909
5;5;7;22.2;69;89;910
5;5;10;22.2;69;88;911
5;5;10;22.2;69;90;912
6;6;8;22.2;69;90;913
3;5;6;22.2;70;89;914
3;5;6;22.2;70;88;915
5;5;9;21.4;69;88;916
6;6;66;22.2;70;89;917
4;5;8;22.2;70;88;918
4;6;9;22.2;70;87;919
5;5;66;22.2;70;88;920
6;6;11;22.2;70;88;921
6;6;10;22.2;70;87;922
5;5;66;22.2;70;87;923
7;7;10;22.2;70;87;924
5;7;12;22.2;70;86;925
3;5;66;22.2;70;87;926
5;6;12;22.2;70;87;927
6;6;8;22.2;70;87;928
5;6;66;22.2;70;86;929
4;6;7;22.2;70;86;930
4;6;7;22.2;70;87;931
5;5;66;22.2;70;86;932
8;8;13;22.2;70;86;933
6;7;12;22.2;70;87;934
6;6;66;22.2;70;87;935
7;7;10;22.2;70;89;936
7;7;10;22.2;70;90;937
8;8;66;22.2;70;88;938
6;7;12;22.2;70;89;939
7;8;13;22.2;70;90;940
7;7;66;22.2;70;90;941
7;7;9;22.2;70;90;942
6;8;10;22.2;70;89;943
9;9;66;22.2;70;91;944
8;8;14;22.2;70;89;945
6;8;13;22.2;70;90;946
7;9;66;22.2;70;91;947
6;8;13;22.2;70;89;948
8;8;13;22.2;70;92;949
8;8;66;22.2;70;90;950
8;8;11;22.2;70;90;951
6;7;13;22.2;70;89;952
7;7;66;22.2;70;92;953
8;8;14;22.2;70;89;954
7;7;9;22.2;70;90;955
7;7;66;22.2;70;89;956
7;8;14;22.2;70;88;957
9;9;18;22.2;70;89;958
9;9;66;22.2;70;90;959
8;8;15;22.2;70;89;960
7;8;14;22.2;70;90;961
6;8;66;22.2;70;89;962
8;8;14;22.2;70;88;963
9;9;12;22.2;70;88;964
10;10;66;22.2;70;88;965
6;8;11;22.2;70;88;966
8;8;14;22.2;70;87;967
7;9;66;22.2;69;89;968
6;8;13;22.2;69;88;969
7;9;15;22.2;69;90;970
9;11;66;22;70;90;971
10;10;14;21.9;70;90;972
6;8;14;21.8;70;89;973
6;8;66;21.8;70;91;974
7;9;13;21.8;70;91;975
9;9;14;21.8;70;90;976
9;9;66;21.8;70;89;977
8;8;12;21.8;70;89;978
6;8;9;21.8;70;89;979
6;8;66;21.8;69;88;980
6;8;14;21.8;69;88;981
8;10;16;21.8;69;88;982
7;7;66;21.8;69;89;983
9;9;15;21.8;69;88;984
5;7;9;21.8;69;89;985
7;9;66;21.8;69;88;986
9;10;17;21.8;69;88;987
8;8;12;21.8;69;88;988
8;8;66;21.8;69;88;989
9;9;14;21.8;69;89;990
8;8;13;21.8;69;89;991
7;9;66;21.8;69;88;992
6;8;13;21.8;69;88;993
9;9;16;21.8;69;88;994
9;9;66;21.8;69;89;995
9;9;15;21.8;69;90;996
8;8;10;21.8;69;89;997
8;9;66;21.8;69;88;998
8;10;12;21.8;69;88;999
7;9;18;21.8;69;89;1000
7;9;66;21.8;69;88;1001
7;9;15;21.8;69;87;1002
7;8;12;21.8;69;89;1003
7;8;66;21.8;69;89;1004
7;9;16;21.8;69;88;1005
7;9;16;21.8;69;88;1006
6;8;66;21.8;69;89;1007
6;8;13;21.8;69;88;1008
6;8;11;21.8;69;89;1009
8;8;66;21.8;69;88;1010
8;8;15;21.8;69;88;1011
6;7;13;21.8;69;89;1012
5;7;66;21.8;69;87;1013
8;9;15;21.8;69;86;1014
7;9;14;21.8;69;87;1015
7;8;66;21.8;69;86;1016
8;8;13;21.8;69;86;1017
7;7;10;21.8;69;86;1018
6;8;66;21.8;69;85;1019
7;9;13;21.8;69;86;1020
10;10;15;21.8;69;85;1021
8;10;66;21.8;69;85;1022
8;8;14;21.8;69;84;1023
7;9;15;21.8;69;85;1024
8;8;66;21.8;69;84;1025
6;8;14;21.8;69;84;1026
6;8;10;21.8;69;86;1027
7;9;66;21.8;69;85;1028
9;9;13;21.8;69;85;1029
6;8;14;21.8;69;85;1030
7;8;66;21.4;69;85;1031
9;9;16;21.8;69;85;1032
10;10;13;21.8;69;85;1033
10;10;66;21.8;69;86;1034
9;9;14;21.8;69;85;1035
7;7;12;21.8;69;86;1036
5;7;66;21.8;69;85;1037
8;10;19;21.4;69;85;1038
28;10;10;21.8;69;85;1039
9;66;13;21.8;69;86;1040
7;9;14;21.8;69;84;1041
28;8;10;21.8;69;85;1042
8;66;13;21.8;69;86;1043
8;8;14;21.8;69;86;1044
28;6;8;21.4;69;85;1045
6;66;13;21.8;69;86;1046
6;8;15;21.8;69;86;1047
28;7;9;21.8;69;85;1048
7;9;15;21.8;69;87;1049
8;8;11;21.8;69;87;1050
28;8;9;21.8;69;87;1051
8;9;14;21.8;69;86;1052
11;11;15;21.8;69;87;1053
28;9;9;21.8;69;86;1054
7;9;14;21.5;69;87;1055
6;8;14;21.5;69;87;1056
28;6;8;21.4;69;86;1057
6;8;14;21.4;69;88;1058
8;9;12;21.4;69;88;1059
28;7;9;21.4;69;87;1060
7;9;13;21.4;69;86;1061
9;9;14;21.4;69;87;1062
28;6;8;21.4;69;87;1063
6;8;15;21.4;69;87;1064
9;9;14;21.4;69;86;1065
28;10;10;21.4;69;87;1066
10;10;17;21.4;69;88;1067
10;10;13;21.4;69;86;1068
28;9;9;21.4;69;86;1069
7;9;13;21.4;69;86;1070
6;8;15;21.4;69;87;1071
28;7;9;21.4;69;87;1072
7;9;15;21.4;69;87;1073
6;8;12;21.4;69;87;1074
28;7;9;21.4;69;87;1075
7;9;16;21.4;69;87;1076
7;9;18;21.4;69;86;1077
28;8;8;21.4;69;88;1078
7;8;14;21.4;69;86;1079
7;8;11;21.4;69;87;1080
28;8;8;21.4;69;86;1081
8;8;13;21.4;69;87;1082
6;7;13;21.4;69;87;1083
28;8;8;21.4;69;88;1084
8;8;13;21.4;69;87;1085
6;8;10;21.4;69;87;1086
28;8;8;21.4;69;88;1087
6;8;14;21.4;69;88;1088
5;7;12;21.4;69;87;1089
28;8;9;21.4;69;87;1090
8;9;15;21.4;69;86;1091
6;8;10;21.4;69;87;1092
28;8;8;21.4;69;85;1093
8;8;14;21.4;69;86;1094
6;8;11;21.4;69;86;1095
28;8;10;21.4;69;87;1096
10;10;17;21.4;69;87;1097
7;9;15;21.4;69;86;1098
28;7;9;21.4;69;89;1099
8;10;18;21.4;69;88;1100
9;11;16;21.4;69;87;1101
28;7;9;21.4;69;86;1102
8;10;16;21.4;69;86;1103
11;11;15;21.4;69;82;1104
28;12;14;21.4;69;81;1105
13;14;24;21.4;69;80;1106
11;13;21;21.4;68;81;1107
11;13;19;21.4;68;81;1108
10;13;23;21.4;68;82;1109
11;13;19;21.4;68;83;1110
10;13;20;21.4;68;83;1111
9;11;18;21.4;68;83;1112
12;13;20;21.4;68;85;1113
11;13;22;21.4;68;85;1114
12;14;22;21.4;69;84;1115
13;13;19;21.4;69;85;1116
12;13;19;21.4;69;85;1117
13;13;20;21.4;69;85;1118
11;13;18;21.4;69;85;1119
12;13;20;21.4;69;85;1120
11;13;22;21.4;69;85;1121
9;12;20;21.4;69;85;1122
10;12;20;21.4;69;85;1123
11;14;19;21.4;69;85;1124
10;13;21;21.4;69;85;1125
10;13;22;21.4;69;85;1126
11;14;20;21.4;69;85;1127
10;12;16;21.4;69;85;1128
11;13;17;21.4;69;86;1129
13;13;22;21.4;69;86;1130
13;15;23;21.4;69;86;1131
13;14;24;21.4;69;86;1132
14;14;25;21.4;69;86;1133
12;12;18;21.4;69;87;1134
11;13;22;21.4;69;87;1135
13;13;22;21.4;69;88;1136
11;13;23;21.4;69;87;1137
14;14;23;21.4;69;87;1138
13;14;23;21.4;69;87;1139
12;14;24;21.4;69;87;1140
13;13;17;21.4;69;88;1141
13;13;16;21.4;69;87;1142
13;13;20;21.4;69;87;1143
13;13;20;21.4;69;88;1144
12;13;19;21.4;69;88;1145
12;13;22;21.4;69;89;1146
13;13;23;21.4;69;88;1147
11;13;20;21.4;69;90;1148
10;13;21;21.4;69;89;1149
10;12;20;21.4;69;89;1150
10;12;20;21.4;69;89;1151
10;12;17;21.4;69;89;1152
12;13;22;21.4;69;89;1153
12;13;21;21.4;69;89;1154
12;14;27;21.4;69;89;1155
11;13;22;21.4;69;89;1156
11;13;20;21.4;69;88;1157
8;10;18;21.4;69;89;1158
9;11;16;21.4;69;89;1159
9;11;17;21.4;69;90;1160
10;13;21;21.4;69;90;1161
12;12;22;21.4;69;89;1162
12;12;22;21.4;69;90;1163
9;11;21;21.4;69;89;1164
10;12;16;21.4;69;90;1165
10;12;16;21.1;69;89;1166
12;13;20;21.1;69;89;1167
10;12;20;21.1;69;91;1168
11;13;22;21.1;69;90;1169
12;14;18;21;69;91;1170
11;13;23;21;69;89;1171
13;13;23;21;69;90;1172
13;14;22;21;69;89;1173
15;15;28;21;69;90;1174
14;15;28;21;69;90;1175
12;14;24;21;69;90;1176
12;14;23;21;69;89;1177
12;14;23;21;69;89;1178
12;14;23;21;69;89;1179
10;14;24;21;69;89;1180
10;13;23;21;69;89;1181
14;14;22;21;69;90;1182
12;13;24;21;69;90;1183
13;13;23;21;69;88;1184
12;14;22;21;69;88;1185
12;13;22;21;68;89;1186
12;13;23;21;68;89;1187
13;14;22;21;69;89;1188
12;13;22;21;69;89;1189
13;13;20;21;69;89;1190
13;14;20;21;69;90;1191
10;13;18;21;69;89;1192
10;13;19;21;69;89;1193
11;13;20;21;69;89;1194
14;14;21;21;69;90;1195
12;14;23;21;69;90;1196
12;13;22;21.1;69;89;1197
8;13;23;21.1;69;89;1198
9;13;23;21.1;69;89;1199
11;12;20;21.3;69;89;1200
10;13;21;21.4;69;89;1201
11;13;22;21.4;69;89;1202
12;15;22;21.4;69;89;1203
16;17;26;21.4;69;90;1204
16;17;27;21.4;69;91;1205
14;15;24;21.4;69;91;1206
14;16;31;21.4;69;91;1207
15;17;30;21.4;69;91;1208
14;16;25;21.4;69;90;1209
15;15;25;21.4;69;90;1210
14;15;24;21.4;69;90;1211
14;15;20;21.4;69;91;1212
16;16;25;21.4;69;91;1213
15;16;26;21.4;69;91;1214
14;16;26;21.4;69;92;1215
16;16;24;21.4;69;92;1216
14;16;25;21.4;69;93;1217
14;16;24;21.4;69;92;1218
14;14;25;21.4;69;93;1219
12;14;25;21.4;69;92;1220
15;15;22;21.4;69;91;1221
12;14;23;21.4;69;91;1222
13;14;22;21.4;69;92;1223
11;15;25;21.4;69;92;1224
14;15;20;21.4;70;92;1225
14;15;21;21.4;70;92;1226
13;14;21;21.4;70;93;1227
14;15;25;21.4;70;94;1228
13;15;25;21.4;70;95;1229
16;17;26;21.4;70;95;1230
14;17;26;21.4;70;94;1231
13;17;26;21.4;70;94;1232
15;16;23;21.4;70;94;1233
14;17;29;21.4;70;95;1234
13;17;30;21.4;70;95;1235
15;17;28;21.4;70;94;1236
17;17;33;21.4;70;95;1237
17;17;31;21.4;70;95;1238
16;17;22;21.4;70;94;1239
17;18;26;21.4;70;95;1240
16;18;25;21.4;71;95;1241
13;16;29;21.4;71;95;1242
17;17;27;21.4;71;94;1243
17;17;28;21.4;71;95;1244
18;18;28;21.4;71;95;1245
17;17;30;21.4;71;95;1246
16;17;30;21.4;71;94;1247
17;17;26;21.4;71;94;1248
13;15;28;21.4;71;94;1249
13;15;26;21.4;71;94;1250
15;17;27;21.4;71;92;1251
16;18;27;21.4;71;93;1252
17;19;29;21.4;71;93;1253
18;18;28;21.4;71;94;1254
18;20;30;21.4;71;94;1255
18;20;32;21.4;71;94;1256
15;18;25;21.4;71;95;1257
16;16;22;21.4;71;94;1258
14;16;22;21.4;71;95;1259
18;18;29;21.4;71;95;1260
14;16;26;21.4;71;95;1261
14;16;25;21.4;71;95;1262
14;15;24;21.4;71;95;1263
16;18;28;21.4;71;94;1264
16;18;28;21.4;71;94;1265
14;16;28;21.4;71;93;1266
16;16;25;21.4;71;92;1267
16;16;25;21.4;71;92;1268
17;19;28;21.4;71;93;1269
15;17;32;21.4;71;94;1270
15;17;29;21.4;71;94;1271
17;18;26;21.4;71;94;1272
14;16;25;21.4;71;94;1273
16;16;26;21.4;71;93;1274
16;16;25;21.4;71;93;1275
15;17;26;21.4;71;95;1276
15;17;25;21.4;71;93;1277
14;15;25;21.4;72;93;1278
13;15;27;21.4;72;91;1279
15;15;27;21.4;72;91;1280
14;16;30;21.4;72;93;1281
14;17;26;21.4;71;93;1282
12;16;26;21.4;72;92;1283
14;15;25;21.4;72;94;1284
13;15;25;21.4;72;94;1285
12;15;26;21.4;72;94;1286
16;16;26;21.4;72;93;1287
15;16;27;21.4;72;94;1288
14;16;28;21.4;72;92;1289
17;19;32;21.4;72;93;1290
17;18;29;21.4;72;93;1291
16;18;30;21.4;72;93;1292
15;17;32;21.4;72;94;1293
15;18;27;21.4;72;93;1294
15;18;28;21.4;72;92;1295
17;18;30;21.4;72;92;1296
15;16;30;21.4;72;92;1297
16;16;31;21.4;72;92;1298
19;19;32;21.4;72;92;1299
15;17;29;21.4;72;91;1300
17;17;29;21.4;72;91;1301
15;16;25;21.4;72;92;1302
16;17;31;21.4;72;92;1303
16;17;29;21.4;72;91;1304
15;17;24;21.4;72;90;1305
16;16;26;21.4;72;89;1306
16;16;26;21.4;72;91;1307
15;17;26;21.4;72;90;1308
18;18;26;21.4;72;90;1309
18;18;29;21.4;72;90;1310
14;16;22;21.4;72;91;1311
14;17;30;21.4;72;90;1312
15;17;32;21.4;72;89;1313
13;16;27;21.4;72;90;1314
16;18;28;21.4;72;90;1315
16;18;28;21.4;72;90;1316
13;15;26;21.4;72;90;1317
15;17;28;21.4;72;91;1318
15;17;28;21.4;72;91;1319
15;17;29;21.4;72;90;1320
18;18;30;21.4;72;88;1321
18;18;31;21.4;72;88;1322
18;18;32;21.4;72;87;1323
17;18;30;21.4;72;87;1324
16;18;31;21.4;72;87;1325
15;18;29;21.4;72;88;1326
16;18;25;21.4;72;89;1327
16;18;26;21.4;72;90;1328
15;17;32;21.4;72;88;1329
14;16;28;21.4;72;90;1330
14;16;29;21.4;72;90;1331
16;18;31;21.4;72;90;1332
16;17;27;21.5;72;90;1333
15;17;27;21.5;72;90;1334
15;17;36;21.6;72;89;1335
14;16;25;21.8;72;89;1336
16;16;24;21.8;72;89;1337
14;16;24;21.8;72;89;1338
15;17;25;21.8;72;89;1339
17;17;27;21.8;72;90;1340
0;0;0;0;0;0;99999
